################################################################################
# Collectl:   V3.6.9-1  HiRes: 1  Options: -P -f results/2017-12-14-08-59/64cores_u80_230.dat -sc -c80 -oaz 
# Host:       server-0  DaemonOpts: 
# Booted:     1513349771.87 [20171215-07:56:11]
# Distro:     debian jessie/sid, Ubuntu 14.04.1 LTS  Platform: 
# Date:       20171215-182804  Secs: 1513387684 TZ: -0700
# SubSys:     c Options: az Interval: 1 NumCPUs: 64 [HYPER] NumBud: 0 Flags: i
# Filters:    NfsFilt:  EnvFilt:  TcpFilt: ituc
# HZ:         100  Arch: x86_64-linux-gnu-thread-multi PageSize: 4096
# Cpu:        GenuineIntel Speed(MHz): 2200.021 Cores: 8  Siblings: 16 Nodes: 4
# Kernel:     3.13.0-100-generic  Memory: 131822812 kB  Swap: 3145724 kB
# NumDisks:   7 DiskNames: sdb sdc sdd sde sdf sdg sda
# NumNets:    9 NetNames: eth0:1000 eth1:?? eth2:?? eth3:?? eth4:10000 eth5:10000 eth6:10000 eth7:?? lo:??
# SCSI:       DA:0:00:00:00 DA:0:00:01:00 DA:0:00:02:00 DA:0:00:03:00 DA:0:00:04:00 DA:0:00:05:00 DA:0:00:06:00 ??:0:00:32:00
################################################################################
#Date Time [CPU]User% [CPU]Nice% [CPU]Sys% [CPU]Wait% [CPU]Irq% [CPU]Soft% [CPU]Steal% [CPU]Idle% [CPU]Totl% [CPU]Intrpt/sec [CPU]Ctx/sec [CPU]Proc/sec [CPU]ProcQue [CPU]ProcRun [CPU]L-Avg1 [CPU]L-Avg5 [CPU]L-Avg15 [CPU]RunTot [CPU]BlkTot
20171215 18:28:06 2 0 52 0 0 29 0 17 83 2927326 351520 0 684 62 49.97 34.08 28.08 62 0
20171215 18:28:07 2 0 51 0 0 31 0 16 84 2967364 356370 0 684 55 49.97 34.08 28.08 63 0
20171215 18:28:08 2 0 51 0 0 30 0 17 83 2951017 372169 0 684 64 50.93 34.54 28.27 60 0
20171215 18:28:09 2 0 52 0 0 34 0 12 88 3093293 273259 0 684 63 50.93 34.54 28.27 61 0
20171215 18:28:10 2 0 51 0 0 34 0 13 87 3076358 258286 0 684 55 50.93 34.54 28.27 66 0
20171215 18:28:11 2 0 50 0 0 35 0 13 87 3049539 215603 0 684 63 50.93 34.54 28.27 64 0
20171215 18:28:12 2 0 49 0 0 36 0 13 87 3063972 193163 0 684 64 50.93 34.54 28.27 64 0
20171215 18:28:13 2 0 49 0 0 37 0 12 88 3047791 198624 0 684 64 51.66 34.96 28.44 63 0
20171215 18:28:14 2 0 48 0 0 37 0 13 87 3071961 217757 0 684 66 51.66 34.96 28.44 66 0
20171215 18:28:15 2 0 47 0 0 39 0 12 88 3047288 209291 0 684 61 51.66 34.96 28.44 63 0
20171215 18:28:16 2 0 47 0 0 38 0 13 87 3032589 223979 0 684 62 51.66 34.96 28.44 56 0
20171215 18:28:17 2 0 47 0 0 39 0 13 87 3019357 196577 0 684 74 51.66 34.96 28.44 64 0
20171215 18:28:18 1 0 47 0 0 40 0 12 88 3084544 215415 0 684 62 52.65 35.45 28.63 60 0
20171215 18:28:19 2 0 46 0 0 38 0 14 86 2994121 256571 2 686 55 52.65 35.45 28.63 59 0
20171215 18:28:20 2 0 44 0 0 36 0 18 82 2902516 366545 0 686 66 52.65 35.45 28.63 63 0
20171215 18:28:21 2 0 44 0 0 37 0 18 82 2882183 363376 0 686 62 52.65 35.45 28.63 61 0
20171215 18:28:22 1 0 44 0 0 36 0 19 81 2888107 390722 0 686 61 52.65 35.45 28.63 61 0
20171215 18:28:23 2 0 44 0 0 36 0 19 81 2854968 385720 0 686 62 53.00 35.80 28.78 60 0
20171215 18:28:24 2 0 44 0 0 36 0 19 81 2874247 372333 0 686 65 53.00 35.80 28.78 56 0
20171215 18:28:25 1 0 45 0 0 35 0 19 81 2866309 361153 0 686 61 53.00 35.80 28.78 54 0
20171215 18:28:26 2 0 44 0 0 36 0 18 82 2876225 373708 0 686 61 53.00 35.80 28.78 63 0
20171215 18:28:27 1 0 43 0 0 36 0 19 81 2887901 393086 0 686 60 53.00 35.80 28.78 62 0
20171215 18:28:28 2 0 44 0 0 36 0 19 81 2860624 398317 0 686 63 53.80 36.26 28.96 64 0
20171215 18:28:29 2 0 49 0 0 43 0 7 93 3250170 123157 0 686 64 53.80 36.26 28.96 64 0
20171215 18:28:30 2 0 51 0 0 45 0 1 99 3415436 34227 0 684 66 53.80 36.26 28.96 67 0
20171215 18:28:31 2 0 52 0 0 46 0 0 100 3494476 14877 0 684 68 53.80 36.26 28.96 64 0
20171215 18:28:32 2 0 52 0 0 46 0 1 99 3506108 15217 0 684 67 53.80 36.26 28.96 65 0
20171215 18:28:33 2 0 52 0 0 46 0 0 100 3511705 15033 0 684 66 54.70 36.73 29.16 65 0
20171215 18:28:34 2 0 52 0 0 46 0 1 99 3504381 15136 0 684 66 54.70 36.73 29.16 66 0
20171215 18:28:35 2 0 52 0 0 46 0 0 100 3494220 15025 0 684 66 54.70 36.73 29.16 64 0
20171215 18:28:36 2 0 52 0 0 46 0 1 99 3490884 14747 0 684 67 54.70 36.73 29.16 64 0
20171215 18:28:37 2 0 52 0 0 46 0 0 100 3493512 14918 0 684 66 54.70 36.73 29.16 64 0
20171215 18:28:38 2 0 51 0 0 46 0 1 99 3500296 15096 0 684 67 55.60 37.22 29.35 64 0
20171215 18:28:39 2 0 52 0 0 46 0 0 100 3480279 14960 0 684 67 55.60 37.22 29.35 63 0
20171215 18:28:40 2 0 52 0 0 46 0 1 99 3485973 15021 0 684 66 55.60 37.22 29.35 66 0
20171215 18:28:41 2 0 52 0 0 46 0 1 99 3476128 14814 0 684 65 55.60 37.22 29.35 64 0
20171215 18:28:42 2 0 52 0 0 46 0 1 99 3531202 14992 0 684 66 55.60 37.22 29.35 64 0
20171215 18:28:43 2 0 43 0 0 34 0 22 78 2805204 535962 0 684 57 55.31 37.46 29.48 58 0
20171215 18:28:44 2 0 43 0 0 30 0 25 75 2674966 632748 0 684 53 55.31 37.46 29.48 58 0
20171215 18:28:45 2 0 42 0 0 30 0 26 74 2616087 623329 0 684 57 55.31 37.46 29.48 46 0
20171215 18:28:46 2 0 42 0 0 30 0 26 74 2618213 639355 0 684 61 55.31 37.46 29.48 60 0
20171215 18:28:47 2 0 40 0 0 28 0 30 70 2544914 705286 0 684 50 55.31 37.46 29.48 35 0
20171215 18:28:48 2 0 36 0 0 23 0 39 61 2152186 805727 0 684 42 53.85 37.46 29.52 45 0
20171215 18:28:49 2 0 27 0 0 15 0 56 44 1478615 752315 0 684 44 53.85 37.46 29.52 11 0
20171215 18:28:50 2 0 33 0 0 18 0 48 52 1585672 685682 0 684 43 53.85 37.46 29.52 28 0
20171215 18:28:51 2 0 33 0 0 18 0 47 53 1587635 718162 0 684 43 53.85 37.46 29.52 29 0
20171215 18:28:52 2 0 33 0 0 17 0 48 52 1590032 705191 0 684 9 53.85 37.46 29.52 32 0
20171215 18:28:53 2 0 33 0 0 20 0 45 55 1573524 630254 0 684 29 50.50 37.03 29.42 29 0
20171215 18:28:54 2 0 32 0 0 18 0 48 52 1611629 703639 0 684 11 50.50 37.03 29.42 43 0
20171215 18:28:55 0 0 5 0 0 2 0 92 8 240084 272276 0 684 8 50.50 37.03 29.42 5 0
20171215 18:28:56 0 0 4 0 0 2 0 94 6 173765 286380 0 684 5 50.50 37.03 29.42 3 0
20171215 18:28:57 0 0 4 0 0 2 0 94 6 171456 283500 0 684 4 50.50 37.03 29.42 3 0
20171215 18:28:58 0 0 4 0 0 2 0 94 6 189686 283578 0 684 7 46.77 36.49 29.29 5 0
20171215 18:28:59 0 0 4 0 0 2 0 94 6 177755 282701 0 684 3 46.77 36.49 29.29 3 0
20171215 18:29:00 0 0 4 0 0 2 0 94 6 168192 278096 0 684 5 46.77 36.49 29.29 6 0
20171215 18:29:01 1 0 4 0 0 2 0 94 6 170014 275531 0 684 7 46.77 36.49 29.29 3 0
20171215 18:29:02 0 0 4 0 0 2 0 94 6 154213 260819 0 684 6 46.77 36.49 29.29 5 0
20171215 18:29:03 0 0 4 0 0 2 0 94 6 163209 266702 0 684 5 43.27 35.93 29.14 4 0
20171215 18:29:04 0 0 4 0 0 2 0 94 6 159893 267600 0 684 5 43.27 35.93 29.14 3 0
20171215 18:29:05 0 0 4 0 0 2 0 94 6 161976 266796 0 684 5 43.27 35.93 29.14 8 0
20171215 18:29:06 0 0 4 0 0 2 0 94 6 160829 265729 0 684 4 43.27 35.93 29.14 8 0
20171215 18:29:07 0 0 4 0 0 2 0 94 6 165487 271437 0 684 4 43.27 35.93 29.14 5 0
20171215 18:29:08 0 0 4 0 0 2 0 94 6 165947 269983 0 684 4 40.04 35.38 29.00 6 0
20171215 18:29:09 0 0 4 0 0 2 0 94 6 159153 263515 0 684 5 40.04 35.38 29.00 2 0
20171215 18:29:10 0 0 4 0 0 2 0 94 6 163624 269864 0 684 6 40.04 35.38 29.00 7 0
20171215 18:29:11 0 0 4 0 0 2 0 94 6 165010 269434 0 684 2 40.04 35.38 29.00 3 0
20171215 18:29:12 0 0 4 0 0 2 0 94 6 158847 261463 0 684 6 40.04 35.38 29.00 6 0
20171215 18:29:13 0 0 4 0 0 2 0 94 6 161690 262590 0 684 3 37.24 34.88 28.88 3 0
20171215 18:29:14 0 0 4 0 0 2 0 95 5 158890 262380 0 684 6 37.24 34.88 28.88 6 0
20171215 18:29:15 0 0 5 0 0 2 0 93 7 253981 320519 0 684 5 37.24 34.88 28.88 6 0
20171215 18:29:16 0 0 5 0 0 2 0 93 7 244679 310554 0 684 5 37.24 34.88 28.88 4 0
20171215 18:29:17 0 0 5 0 0 2 0 93 7 239685 308260 0 684 5 37.24 34.88 28.88 3 0
20171215 18:29:18 0 0 5 0 0 2 0 93 7 221653 294906 0 684 7 34.97 34.45 28.77 6 0
20171215 18:29:19 0 0 5 0 0 2 0 93 7 238632 308551 0 684 4 34.97 34.45 28.77 6 0
20171215 18:29:20 0 0 4 0 0 2 0 94 6 238190 314418 0 684 4 34.97 34.45 28.77 9 0
20171215 18:29:21 0 0 4 0 0 2 0 94 6 230261 305937 0 684 6 34.97 34.45 28.77 2 0
20171215 18:29:22 0 0 5 0 0 2 0 93 7 235527 303576 0 684 6 34.97 34.45 28.77 6 0
20171215 18:29:23 0 0 5 0 0 2 0 93 7 233929 306065 0 684 10 32.25 33.89 28.62 6 0
20171215 18:29:24 0 0 5 0 0 2 0 93 7 244826 315292 0 684 5 32.25 33.89 28.62 7 0
20171215 18:29:25 0 0 5 0 0 2 0 93 7 251642 322802 0 684 6 32.25 33.89 28.62 5 0
