################################################################################
# Collectl:   V3.6.9-1  HiRes: 1  Options: -P -f results/2017-12-14-08-59/64cores_u160_36.dat -sc -c160 -oaz 
# Host:       server-0  DaemonOpts: 
# Booted:     1513349771.9 [20171215-07:56:11]
# Distro:     debian jessie/sid, Ubuntu 14.04.1 LTS  Platform: 
# Date:       20171215-095208  Secs: 1513356728 TZ: -0700
# SubSys:     c Options: az Interval: 1 NumCPUs: 64 [HYPER] NumBud: 0 Flags: i
# Filters:    NfsFilt:  EnvFilt:  TcpFilt: ituc
# HZ:         100  Arch: x86_64-linux-gnu-thread-multi PageSize: 4096
# Cpu:        GenuineIntel Speed(MHz): 2200.021 Cores: 8  Siblings: 16 Nodes: 4
# Kernel:     3.13.0-100-generic  Memory: 131822812 kB  Swap: 3145724 kB
# NumDisks:   7 DiskNames: sdb sdc sdd sde sdf sdg sda
# NumNets:    9 NetNames: eth0:1000 eth1:?? eth2:?? eth3:?? eth4:10000 eth5:10000 eth6:10000 eth7:?? lo:??
# SCSI:       DA:0:00:00:00 DA:0:00:01:00 DA:0:00:02:00 DA:0:00:03:00 DA:0:00:04:00 DA:0:00:05:00 DA:0:00:06:00 ??:0:00:32:00
################################################################################
#Date Time [CPU]User% [CPU]Nice% [CPU]Sys% [CPU]Wait% [CPU]Irq% [CPU]Soft% [CPU]Steal% [CPU]Idle% [CPU]Totl% [CPU]Intrpt/sec [CPU]Ctx/sec [CPU]Proc/sec [CPU]ProcQue [CPU]ProcRun [CPU]L-Avg1 [CPU]L-Avg5 [CPU]L-Avg15 [CPU]RunTot [CPU]BlkTot
20171215 09:52:10 1 0 13 0 0 4 0 82 18 634301 610789 0 688 10 21.84 29.29 25.16 11 0
20171215 09:52:11 1 0 13 0 0 4 0 82 18 646189 627550 0 688 16 21.84 29.29 25.16 7 0
20171215 09:52:12 1 0 13 0 0 4 0 82 18 625115 625497 0 688 16 21.84 29.29 25.16 11 0
20171215 09:52:13 1 0 12 0 0 4 0 83 17 620398 615593 0 688 8 21.84 29.29 25.16 8 0
20171215 09:52:14 1 0 13 0 0 5 0 81 19 641899 625485 0 688 30 20.90 28.97 25.08 6 0
20171215 09:52:15 1 0 14 0 0 6 0 79 21 708236 585239 0 688 21 20.90 28.97 25.08 6 0
20171215 09:52:16 1 0 13 0 0 5 0 82 18 676108 586304 0 688 6 20.90 28.97 25.08 9 0
20171215 09:52:17 1 0 14 0 0 5 0 80 20 682458 584832 0 688 14 20.90 28.97 25.08 7 0
20171215 09:52:18 1 0 13 0 0 5 0 81 19 683482 587378 0 688 7 20.90 28.97 25.08 8 0
20171215 09:52:19 1 0 14 0 0 5 0 80 20 678257 587283 2 690 8 20.90 28.84 25.06 10 0
20171215 09:52:20 1 0 14 0 0 5 0 80 20 692105 599084 0 690 20 20.90 28.84 25.06 5 0
20171215 09:52:21 1 0 14 0 0 5 0 80 20 705157 591542 0 690 8 20.90 28.84 25.06 6 0
20171215 09:52:22 1 0 14 0 0 5 0 80 20 697626 585929 0 690 7 20.90 28.84 25.06 12 0
20171215 09:52:23 1 0 13 0 0 5 0 81 19 704202 590419 0 690 24 20.90 28.84 25.06 8 0
20171215 09:52:24 1 0 14 0 0 5 0 81 19 678949 588885 0 690 10 19.79 28.47 24.96 10 0
20171215 09:52:25 1 0 13 0 0 5 0 81 19 700084 600400 0 690 9 19.79 28.47 24.96 25 0
20171215 09:52:26 1 0 14 0 0 6 0 80 20 713712 580369 0 690 20 19.79 28.47 24.96 27 0
20171215 09:52:27 1 0 15 0 0 6 0 78 22 746426 564358 0 690 4 19.79 28.47 24.96 3 0
20171215 09:52:28 1 0 15 0 0 6 0 78 22 761680 597909 0 690 4 19.79 28.47 24.96 24 0
20171215 09:52:29 1 0 14 0 0 6 0 79 21 756968 599400 0 690 8 19.97 28.37 24.95 9 0
20171215 09:52:30 1 0 14 0 0 6 0 79 21 737352 604887 0 690 13 19.97 28.37 24.95 11 0
20171215 09:52:31 1 0 15 0 0 6 0 78 22 755194 613462 0 688 2 19.97 28.37 24.95 19 0
20171215 09:52:32 1 0 15 0 0 6 0 78 22 748483 589728 0 688 7 19.97 28.37 24.95 10 0
20171215 09:52:33 1 0 15 0 0 6 0 78 22 756941 601185 0 688 5 19.97 28.37 24.95 12 0
20171215 09:52:34 1 0 14 0 0 6 0 79 21 738473 579761 0 688 6 18.53 27.93 24.83 4 0
20171215 09:52:35 1 0 17 0 0 6 0 76 24 925132 682526 0 688 15 18.53 27.93 24.83 17 0
20171215 09:52:36 1 0 24 0 0 9 0 66 34 1307920 693446 0 688 19 18.53 27.93 24.83 10 0
20171215 09:52:37 1 0 21 0 0 8 0 71 29 1333500 716254 0 688 19 18.53 27.93 24.83 21 0
20171215 09:52:38 1 0 22 0 0 10 0 67 33 1191150 646850 0 688 14 18.53 27.93 24.83 12 0
20171215 09:52:39 1 0 20 0 0 9 0 70 30 1014883 628179 0 688 12 18.17 27.70 24.77 16 0
20171215 09:52:40 1 0 19 0 0 9 0 71 29 1071639 686117 1 689 21 18.17 27.70 24.77 25 0
20171215 09:52:41 1 0 18 0 0 7 0 74 26 1084840 779219 0 689 26 18.17 27.70 24.77 12 0
20171215 09:52:42 1 0 19 0 0 8 0 71 29 1063171 696211 0 689 26 18.17 27.70 24.77 10 0
20171215 09:52:43 1 0 20 0 0 9 0 70 30 1006958 662127 0 689 12 18.17 27.70 24.77 13 0
20171215 09:52:44 1 0 16 0 0 6 0 77 23 1031543 768303 0 689 19 19.51 27.82 24.82 7 0
20171215 09:52:45 1 0 21 0 0 10 0 68 32 1071743 661362 0 689 17 19.51 27.82 24.82 16 0
20171215 09:52:46 1 0 22 0 0 10 0 66 34 1198698 722045 0 689 26 19.51 27.82 24.82 23 0
20171215 09:52:47 1 0 27 0 0 14 0 58 42 1466892 704637 1 690 26 19.51 27.82 24.82 23 0
20171215 09:52:48 1 0 25 0 0 12 0 63 37 1616923 753639 0 690 23 19.51 27.82 24.82 29 0
20171215 09:52:49 1 0 28 0 0 14 0 57 43 1659083 759618 0 690 41 20.03 27.79 24.83 16 0
20171215 09:52:50 1 0 23 0 0 10 0 65 35 1345525 760790 0 690 26 20.03 27.79 24.83 26 0
20171215 09:52:51 2 0 31 0 0 18 0 50 50 1773380 659811 0 690 27 20.03 27.79 24.83 23 0
20171215 09:52:52 1 0 26 0 0 13 0 60 40 1641581 756447 0 690 25 20.03 27.79 24.83 28 0
20171215 09:52:53 1 0 27 0 0 15 0 57 43 1735103 774432 0 690 35 20.03 27.79 24.83 34 0
20171215 09:52:54 1 0 33 0 0 20 0 45 55 1978390 650999 0 690 48 21.39 27.94 24.89 26 0
20171215 09:52:55 1 0 28 0 0 14 0 57 43 1620175 693770 0 690 27 21.39 27.94 24.89 25 0
20171215 09:52:56 1 0 32 0 0 18 0 48 52 1983501 664969 0 690 40 21.39 27.94 24.89 38 0
20171215 09:52:57 2 0 41 0 0 28 0 29 71 2133718 485812 0 690 48 21.39 27.94 24.89 50 0
20171215 09:52:58 2 0 41 0 0 29 0 28 72 2165838 490168 0 690 44 21.39 27.94 24.89 44 0
20171215 09:52:59 1 0 39 0 0 25 0 34 66 2109657 558547 0 690 31 22.64 28.09 24.96 30 0
20171215 09:53:00 1 0 36 0 0 22 0 41 59 2024808 598498 0 690 35 22.64 28.09 24.96 33 0
20171215 09:53:01 2 0 27 0 0 14 0 56 44 1661457 700255 0 690 28 22.64 28.09 24.96 29 0
20171215 09:53:02 1 0 22 0 0 10 0 67 33 1354187 770964 0 688 21 22.64 28.09 24.96 26 0
20171215 09:53:03 1 0 26 0 0 13 0 59 41 1429196 713238 0 688 25 22.64 28.09 24.96 29 0
20171215 09:53:04 2 0 28 0 0 16 0 55 45 1635767 639189 0 688 23 23.23 28.12 24.99 43 0
20171215 09:53:05 1 0 20 0 0 8 0 71 29 1098262 690944 0 688 20 23.23 28.12 24.99 18 0
20171215 09:53:06 1 0 19 0 0 8 0 72 28 1075645 699927 0 688 12 23.23 28.12 24.99 10 0
20171215 09:53:07 1 0 19 0 0 8 0 72 28 1052012 687502 0 688 11 23.23 28.12 24.99 9 0
20171215 09:53:08 1 0 19 0 0 8 0 71 29 1022566 684860 0 688 31 23.23 28.12 24.99 9 0
20171215 09:53:09 1 0 18 0 0 8 0 72 28 965724 670520 0 688 9 22.57 27.91 24.93 12 0
20171215 09:53:10 1 0 18 0 0 7 0 73 27 946552 707517 0 688 16 22.57 27.91 24.93 5 0
20171215 09:53:11 1 0 17 0 0 7 0 74 26 918308 666722 0 688 12 22.57 27.91 24.93 33 0
20171215 09:53:12 1 0 17 0 0 8 0 74 26 928860 669355 1 689 13 22.57 27.91 24.93 21 0
20171215 09:53:13 1 0 18 0 0 7 0 74 26 966464 691044 1 690 14 22.57 27.91 24.93 12 0
20171215 09:53:14 1 0 18 0 0 8 0 73 27 965561 685774 0 690 4 21.33 27.56 24.84 6 0
20171215 09:53:15 1 0 10 0 0 4 0 85 15 614256 591633 0 690 9 21.33 27.56 24.84 8 0
20171215 09:53:16 0 0 9 0 0 3 0 88 12 603803 591729 0 690 7 21.33 27.56 24.84 7 0
20171215 09:53:17 0 0 9 0 0 3 0 88 12 548603 547215 0 690 10 21.33 27.56 24.84 4 0
20171215 09:53:18 1 0 9 0 0 3 0 87 13 501447 508053 0 690 14 21.33 27.56 24.84 8 0
20171215 09:53:19 0 0 9 0 0 3 0 87 13 484193 496028 0 690 6 20.26 27.23 24.75 18 0
20171215 09:53:20 1 0 9 0 0 3 0 87 13 472446 492144 0 690 10 20.26 27.23 24.75 8 0
20171215 09:53:21 1 0 9 0 0 3 0 86 14 479950 492382 0 690 8 20.26 27.23 24.75 7 0
20171215 09:53:22 0 0 9 0 0 3 0 87 13 480034 501623 0 690 8 20.26 27.23 24.75 4 0
20171215 09:53:23 1 0 9 0 0 4 0 86 14 512400 519844 0 690 5 20.26 27.23 24.75 7 0
20171215 09:53:24 1 0 9 0 0 3 0 87 13 497621 514071 0 690 7 19.04 26.87 24.64 17 0
20171215 09:53:25 1 0 9 0 0 4 0 86 14 513403 517655 0 690 8 19.04 26.87 24.64 7 0
20171215 09:53:26 1 0 10 0 0 4 0 85 15 528588 528980 0 690 7 19.04 26.87 24.64 6 0
20171215 09:53:27 1 0 10 0 0 4 0 86 14 547420 536725 0 690 9 19.04 26.87 24.64 11 0
20171215 09:53:28 0 0 10 0 0 4 0 86 14 572906 533394 0 690 9 19.04 26.87 24.64 7 0
20171215 09:53:29 1 0 9 0 0 4 0 86 14 529194 528037 0 688 7 17.75 26.47 24.52 9 0
20171215 09:53:30 1 0 9 0 0 4 0 86 14 558918 533025 0 688 7 17.75 26.47 24.52 4 0
20171215 09:53:31 1 0 10 0 0 4 0 85 15 601420 534486 0 688 6 17.75 26.47 24.52 9 0
20171215 09:53:32 1 0 10 0 0 3 0 86 14 563144 523466 0 688 11 17.75 26.47 24.52 8 0
20171215 09:53:33 1 0 10 0 0 4 0 85 15 578208 533894 0 688 13 17.75 26.47 24.52 7 0
20171215 09:53:34 1 0 10 0 0 4 0 86 14 539758 528610 0 688 10 16.89 26.15 24.43 6 0
20171215 09:53:35 1 0 10 0 0 4 0 86 14 539822 526201 0 688 7 16.89 26.15 24.43 5 0
20171215 09:53:36 1 0 10 0 0 4 0 86 14 535056 530984 0 688 9 16.89 26.15 24.43 11 0
20171215 09:53:37 1 0 10 0 0 4 0 85 15 539305 522839 0 688 6 16.89 26.15 24.43 10 0
20171215 09:53:38 1 0 11 0 0 4 0 85 15 523693 511163 0 688 18 16.89 26.15 24.43 5 0
20171215 09:53:39 1 0 10 0 0 4 0 85 15 526246 517499 1 689 4 15.62 25.73 24.30 8 0
20171215 09:53:40 1 0 10 0 0 4 0 85 15 527627 511486 0 689 19 15.62 25.73 24.30 10 0
20171215 09:53:41 1 0 10 0 0 4 0 85 15 508884 489778 1 690 21 15.62 25.73 24.30 4 0
20171215 09:53:42 1 0 10 0 0 4 0 86 14 500144 493978 0 690 5 15.62 25.73 24.30 18 0
20171215 09:53:43 1 0 10 0 0 4 0 85 15 514432 500703 0 690 4 15.62 25.73 24.30 5 0
20171215 09:53:44 1 0 10 0 0 4 0 86 14 521229 510113 0 690 4 14.61 25.35 24.19 14 0
20171215 09:53:45 1 0 11 0 0 4 0 84 16 538920 502827 0 690 2 14.61 25.35 24.19 9 0
20171215 09:53:46 1 0 11 0 0 4 0 84 16 534920 512444 0 690 12 14.61 25.35 24.19 14 0
20171215 09:53:47 1 0 11 0 0 5 0 83 17 517572 490927 0 690 16 14.61 25.35 24.19 5 0
20171215 09:53:48 1 0 11 0 0 4 0 85 15 538331 517439 0 690 5 14.61 25.35 24.19 12 0
20171215 09:53:49 1 0 10 0 0 4 0 85 15 542082 516926 0 690 4 14.00 25.05 24.10 18 0
20171215 09:53:50 1 0 11 0 0 4 0 84 16 539229 519139 0 690 8 14.00 25.05 24.10 21 0
20171215 09:53:51 1 0 11 0 0 4 0 84 16 542431 514642 0 690 5 14.00 25.05 24.10 11 0
20171215 09:53:52 1 0 10 0 0 4 0 85 15 543400 510964 0 690 18 14.00 25.05 24.10 14 0
20171215 09:53:53 1 0 10 0 0 4 0 85 15 560309 525705 0 690 4 14.00 25.05 24.10 5 0
20171215 09:53:54 1 0 12 0 0 5 0 82 18 537355 508289 0 690 18 12.96 24.65 23.97 5 0
20171215 09:53:55 1 0 13 0 0 5 0 82 18 609642 535547 0 690 7 12.96 24.65 23.97 4 0
20171215 09:53:56 1 0 12 0 0 5 0 82 18 599346 518295 0 690 9 12.96 24.65 23.97 8 0
20171215 09:53:57 1 0 13 0 0 5 0 81 19 675583 575243 0 690 15 12.96 24.65 23.97 11 0
20171215 09:53:58 1 0 14 0 0 6 0 80 20 742288 609740 0 688 9 12.96 24.65 23.97 12 0
20171215 09:53:59 1 0 14 0 0 5 0 80 20 740342 613140 0 688 5 12.72 24.40 23.90 14 0
20171215 09:54:00 1 0 13 0 0 6 0 80 20 722955 601525 0 688 12 12.72 24.40 23.90 13 0
20171215 09:54:01 2 0 13 0 0 5 0 80 20 694614 601175 0 688 14 12.72 24.40 23.90 20 0
20171215 09:54:02 1 0 13 0 0 5 0 81 19 734847 624523 0 688 5 12.72 24.40 23.90 8 0
20171215 09:54:03 1 0 13 0 0 5 0 82 18 676819 592120 0 688 12 12.72 24.40 23.90 12 0
20171215 09:54:04 1 0 13 0 0 5 0 81 19 695312 593830 0 688 15 12.66 24.20 23.83 11 0
20171215 09:54:05 1 0 12 0 0 5 0 82 18 679227 607289 0 688 20 12.66 24.20 23.83 19 0
20171215 09:54:06 1 0 13 0 0 5 0 81 19 735984 637568 0 688 14 12.66 24.20 23.83 19 0
20171215 09:54:07 1 0 14 0 0 6 0 79 21 828282 665018 0 688 12 12.66 24.20 23.83 12 0
20171215 09:54:08 1 0 14 0 0 5 0 79 21 844082 671422 0 688 15 12.66 24.20 23.83 14 0
20171215 09:54:09 1 0 15 0 0 6 0 79 21 868572 653974 0 688 21 13.09 24.09 23.80 15 0
20171215 09:54:10 1 0 14 0 0 6 0 79 21 771925 630858 1 689 11 13.09 24.09 23.80 7 0
20171215 09:54:11 1 0 14 0 0 6 0 79 21 827829 667297 0 689 22 13.09 24.09 23.80 11 0
20171215 09:54:12 1 0 14 0 0 6 0 80 20 799292 662621 0 689 15 13.09 24.09 23.80 9 0
20171215 09:54:13 1 0 13 0 0 5 0 81 19 762935 659548 1 690 14 13.09 24.09 23.80 16 0
20171215 09:54:14 1 0 13 0 0 5 0 81 19 803633 654971 0 690 17 13.24 23.94 23.75 9 0
20171215 09:54:15 1 0 14 0 0 5 0 80 20 904742 661247 0 690 15 13.24 23.94 23.75 21 0
20171215 09:54:16 1 0 14 0 0 5 0 81 19 838494 649067 0 690 26 13.24 23.94 23.75 26 0
20171215 09:54:17 1 0 15 0 0 5 0 79 21 842411 650312 0 690 18 13.24 23.94 23.75 18 0
20171215 09:54:18 1 0 16 0 0 6 0 78 22 879172 675151 0 690 18 13.24 23.94 23.75 11 0
20171215 09:54:19 1 0 15 0 0 5 0 79 21 894064 656149 0 690 12 13.30 23.78 23.70 17 0
20171215 09:54:20 1 0 15 0 0 6 0 79 21 825701 609599 0 690 5 13.30 23.78 23.70 9 0
20171215 09:54:21 1 0 17 0 0 8 0 74 26 932015 601246 0 690 20 13.30 23.78 23.70 23 0
20171215 09:54:22 1 0 17 0 0 7 0 75 25 1044548 679041 0 690 9 13.30 23.78 23.70 14 0
20171215 09:54:23 1 0 15 0 0 5 0 79 21 862286 663126 0 690 22 13.30 23.78 23.70 20 0
20171215 09:54:24 1 0 15 0 0 6 0 78 22 833949 637059 0 690 20 13.28 23.60 23.64 20 0
20171215 09:54:25 1 0 14 0 0 5 0 80 20 772437 609969 0 690 25 13.28 23.60 23.64 17 0
20171215 09:54:26 1 0 17 0 0 6 0 76 24 960620 688811 0 690 13 13.28 23.60 23.64 10 0
20171215 09:54:27 1 0 16 0 0 6 0 77 23 880044 663111 0 690 12 13.28 23.60 23.64 19 0
20171215 09:54:28 1 0 17 0 0 6 0 76 24 1022499 646987 1 690 11 13.28 23.60 23.64 22 0
20171215 09:54:29 1 0 21 0 0 9 0 69 31 1189329 664995 0 688 18 13.66 23.51 23.61 18 0
20171215 09:54:30 1 0 17 0 0 8 0 74 26 1030689 640419 0 688 23 13.66 23.51 23.61 15 0
20171215 09:54:31 1 0 19 0 0 8 0 71 29 1080893 671462 0 688 20 13.66 23.51 23.61 15 0
20171215 09:54:32 1 0 24 0 0 13 0 62 38 1298052 603132 0 688 19 13.66 23.51 23.61 22 0
20171215 09:54:33 1 0 24 0 0 14 0 61 39 1383742 611359 0 688 35 13.66 23.51 23.61 35 0
20171215 09:54:34 1 0 20 0 0 9 0 70 30 1021390 643484 0 688 10 14.33 23.48 23.61 49 0
20171215 09:54:35 1 0 23 0 0 11 0 65 35 1067004 625976 0 688 25 14.33 23.48 23.61 23 0
20171215 09:54:36 1 0 31 0 0 20 0 48 52 1662031 616051 0 688 9 14.33 23.48 23.61 7 0
20171215 09:54:37 1 0 14 0 0 6 0 79 21 927725 724659 0 688 8 14.33 23.48 23.61 8 0
20171215 09:54:38 1 0 15 0 0 6 0 78 22 854391 681492 0 688 29 14.33 23.48 23.61 35 0
20171215 09:54:39 1 0 26 0 0 13 0 60 40 1366421 672676 0 688 11 15.42 23.56 23.63 13 0
20171215 09:54:40 1 0 18 0 0 8 0 74 26 1082378 729257 0 688 29 15.42 23.56 23.63 11 0
20171215 09:54:41 1 0 16 0 0 8 0 74 26 874744 615782 1 689 44 15.42 23.56 23.63 5 0
20171215 09:54:42 1 0 19 0 0 10 0 70 30 921096 599714 0 689 42 15.42 23.56 23.63 29 0
20171215 09:54:43 1 0 18 0 0 9 0 72 28 893051 606988 0 689 1 15.42 23.56 23.63 2 0
20171215 09:54:44 1 0 18 0 0 9 0 73 27 855959 604102 0 689 29 16.51 23.65 23.66 42 0
20171215 09:54:45 1 0 17 0 0 8 0 74 26 853581 597248 1 690 11 16.51 23.65 23.66 14 0
20171215 09:54:46 1 0 18 0 0 8 0 72 28 939980 627013 0 690 32 16.51 23.65 23.66 9 0
20171215 09:54:47 1 0 18 0 0 8 0 73 27 916197 624990 0 690 8 16.51 23.65 23.66 39 0
20171215 09:54:48 1 0 18 0 0 9 0 72 28 902468 606939 0 690 13 16.51 23.65 23.66 12 0
20171215 09:54:49 1 0 18 0 0 8 0 73 27 930889 623987 0 690 10 15.43 23.31 23.55 8 0
