################################################################################
# Collectl:   V3.6.9-1  HiRes: 1  Options: -P -f results/2017-12-14-08-59/8cores_u160_0.dat -sc -c160 -oaz 
# Host:       server-0  DaemonOpts: 
# Booted:     1513267748.36 [20171214-09:09:08]
# Distro:     debian jessie/sid, Ubuntu 14.04.1 LTS  Platform: 
# Date:       20171214-141026  Secs: 1513285826 TZ: -0700
# SubSys:     c Options: az Interval: 1 NumCPUs: 64  CPUsDis: 1 NumBud: 0 Flags: iD
# Filters:    NfsFilt:  EnvFilt:  TcpFilt: ituc
# HZ:         100  Arch: x86_64-linux-gnu-thread-multi PageSize: 4096
# Cpu:        GenuineIntel Speed(MHz): 2200.047 Cores: 8  Siblings: 8 Nodes: 4
# Kernel:     3.13.0-100-generic  Memory: 131822812 kB  Swap: 3145724 kB
# NumDisks:   7 DiskNames: sdb sdc sdd sde sdf sdg sda
# NumNets:    9 NetNames: eth0:1000 eth1:?? eth2:?? eth3:?? eth4:10000 eth5:10000 eth6:10000 eth7:?? lo:??
# SCSI:       DA:0:00:00:00 DA:0:00:01:00 DA:0:00:02:00 DA:0:00:03:00 DA:0:00:04:00 DA:0:00:05:00 DA:0:00:06:00 ??:0:00:32:00
################################################################################
#Date Time [CPU]User% [CPU]Nice% [CPU]Sys% [CPU]Wait% [CPU]Irq% [CPU]Soft% [CPU]Steal% [CPU]Idle% [CPU]Totl% [CPU]Intrpt/sec [CPU]Ctx/sec [CPU]Proc/sec [CPU]ProcQue [CPU]ProcRun [CPU]L-Avg1 [CPU]L-Avg5 [CPU]L-Avg15 [CPU]RunTot [CPU]BlkTot
20171214 14:10:28 1 0 15 0 0 9 0 75 25 884633 1618 0 663 9 1.49 2.16 5.61 8 0
20171214 14:10:29 0 0 15 0 0 10 0 75 25 888282 1695 0 663 9 1.93 2.24 5.62 8 0
20171214 14:10:30 1 0 15 0 0 10 0 75 25 900040 1697 0 663 10 1.93 2.24 5.62 10 0
20171214 14:10:31 1 0 15 0 0 10 0 75 25 885428 1685 0 663 9 1.93 2.24 5.62 8 0
20171214 14:10:32 0 0 15 0 0 9 0 75 25 887943 1556 0 663 9 1.93 2.24 5.62 8 0
20171214 14:10:33 1 0 15 0 0 9 0 75 25 889571 1622 0 663 9 1.93 2.24 5.62 8 0
20171214 14:10:34 1 0 15 0 0 10 0 75 25 888238 1683 0 663 9 2.41 2.33 5.63 8 0
20171214 14:10:35 1 0 15 0 0 9 0 75 25 893114 1568 0 663 9 2.41 2.33 5.63 8 0
20171214 14:10:36 1 0 15 0 0 9 0 75 25 898484 1619 0 663 9 2.41 2.33 5.63 8 0
20171214 14:10:37 1 0 15 0 0 10 0 75 25 892490 1640 0 663 9 2.41 2.33 5.63 8 0
20171214 14:10:38 1 0 15 0 0 9 0 75 25 887110 1624 0 663 9 2.41 2.33 5.63 8 0
20171214 14:10:39 1 0 15 0 0 9 0 75 25 887804 1591 0 663 9 2.70 2.39 5.63 8 0
20171214 14:10:40 1 0 15 0 0 9 0 75 25 889309 1567 0 663 10 2.70 2.39 5.63 9 0
20171214 14:10:41 1 0 15 0 0 9 0 75 25 884402 1620 0 663 9 2.70 2.39 5.63 8 0
20171214 14:10:42 1 0 15 0 0 10 0 75 25 888546 1717 0 663 9 2.70 2.39 5.63 8 0
20171214 14:10:43 1 0 16 0 0 9 0 75 25 894482 1519 0 663 9 2.70 2.39 5.63 8 0
20171214 14:10:44 1 0 15 0 0 9 0 75 25 885119 1559 0 663 9 3.13 2.49 5.64 8 0
20171214 14:10:45 1 0 15 0 0 9 0 75 25 884020 1594 0 663 9 3.13 2.49 5.64 8 0
20171214 14:10:46 1 0 15 0 0 9 0 75 25 886474 1685 0 663 9 3.13 2.49 5.64 8 0
20171214 14:10:47 1 0 15 0 0 10 0 75 25 887642 1656 0 663 9 3.13 2.49 5.64 8 0
20171214 14:10:48 1 0 15 0 0 10 0 75 25 889176 1625 0 663 9 3.13 2.49 5.64 8 0
20171214 14:10:49 1 0 15 0 0 9 0 75 25 891584 1604 0 663 9 3.28 2.53 5.64 8 0
20171214 14:10:50 0 0 15 0 0 9 0 75 25 883405 1636 0 663 10 3.28 2.53 5.64 9 0
20171214 14:10:51 1 0 15 0 0 10 0 75 25 882770 1633 0 663 9 3.28 2.53 5.64 8 0
20171214 14:10:52 1 0 15 0 0 9 0 75 25 884652 1518 0 663 9 3.28 2.53 5.64 8 0
20171214 14:10:53 1 0 15 0 0 9 0 75 25 881044 1506 0 663 9 3.28 2.53 5.64 8 0
20171214 14:10:54 1 0 14 0 0 10 0 75 25 882455 1765 0 663 9 3.57 2.60 5.65 8 0
20171214 14:10:55 1 0 15 0 0 10 0 75 25 886288 1647 0 663 9 3.57 2.60 5.65 8 0
20171214 14:10:56 1 0 15 0 0 9 0 75 25 893523 1557 0 663 9 3.57 2.60 5.65 8 0
20171214 14:10:57 1 0 15 0 0 9 0 75 25 891036 1633 0 663 9 3.57 2.60 5.65 8 0
20171214 14:10:58 1 0 15 0 0 9 0 75 25 886739 1694 0 663 9 3.57 2.60 5.65 8 0
20171214 14:10:59 1 0 14 0 0 10 0 75 25 883022 1650 0 663 9 3.93 2.69 5.66 8 0
20171214 14:11:00 1 0 15 0 0 10 0 75 25 882824 1655 0 663 9 3.93 2.69 5.66 9 0
20171214 14:11:01 2 0 15 0 0 9 0 74 26 886242 1796 0 663 10 3.93 2.69 5.66 8 0
20171214 14:11:02 0 0 15 0 0 10 0 75 25 882148 1739 0 663 9 3.93 2.69 5.66 8 0
20171214 14:11:03 1 0 15 0 0 10 0 75 25 885311 1603 0 663 9 3.93 2.69 5.66 8 0
20171214 14:11:04 0 0 15 0 0 10 0 75 25 894734 1632 0 663 9 4.18 2.76 5.67 8 0
20171214 14:11:05 1 0 15 0 0 9 0 75 25 886747 1532 0 663 9 4.18 2.76 5.67 8 0
20171214 14:11:06 1 0 15 0 0 9 0 75 25 903496 1652 0 663 9 4.18 2.76 5.67 8 0
20171214 14:11:07 1 0 15 0 0 9 0 75 25 888589 1569 0 663 9 4.18 2.76 5.67 8 0
20171214 14:11:08 1 0 15 0 0 10 0 75 25 891914 1595 0 663 9 4.18 2.76 5.67 8 0
20171214 14:11:09 1 0 15 0 0 10 0 75 25 889269 1639 0 663 9 4.40 2.83 5.67 8 0
20171214 14:11:10 1 0 14 0 0 10 0 75 25 892270 1790 0 663 10 4.40 2.83 5.67 9 0
20171214 14:11:11 1 0 15 0 0 10 0 75 25 897407 1687 0 663 9 4.40 2.83 5.67 8 0
20171214 14:11:12 1 0 15 0 0 9 0 75 25 883295 1599 0 663 9 4.40 2.83 5.67 8 0
20171214 14:11:13 1 0 15 0 0 9 0 75 25 896347 1581 0 663 9 4.40 2.83 5.67 8 0
20171214 14:11:14 1 0 15 0 0 10 0 75 25 899788 1732 0 663 9 4.53 2.89 5.68 8 0
20171214 14:11:15 0 0 15 0 0 10 0 75 25 890912 1700 0 663 9 4.53 2.89 5.68 8 0
20171214 14:11:16 1 0 15 0 0 9 0 75 25 893328 1579 0 663 9 4.53 2.89 5.68 8 0
20171214 14:11:17 1 0 14 0 0 10 0 75 25 894302 1687 0 663 9 4.53 2.89 5.68 8 0
20171214 14:11:18 1 0 15 0 0 10 0 75 25 899464 1749 0 663 9 4.53 2.89 5.68 8 0
20171214 14:11:19 1 0 15 0 0 10 0 75 25 883437 1639 0 663 9 4.73 2.96 5.68 8 0
20171214 14:11:20 1 0 15 0 0 10 0 75 25 888425 1662 0 663 9 4.73 2.96 5.68 9 0
20171214 14:11:21 1 0 15 0 0 9 0 75 25 889062 1617 0 663 9 4.73 2.96 5.68 8 0
20171214 14:11:22 0 0 14 0 0 10 0 75 25 895331 1785 0 663 9 4.73 2.96 5.68 8 0
20171214 14:11:23 1 0 15 0 0 10 0 75 25 887876 1599 0 663 9 4.73 2.96 5.68 8 0
20171214 14:11:24 1 0 14 0 0 10 0 75 25 896916 1662 0 663 9 4.83 3.01 5.68 8 0
20171214 14:11:25 1 0 15 0 0 10 0 75 25 891316 1600 0 663 9 4.83 3.01 5.68 8 0
20171214 14:11:26 0 0 14 0 0 10 0 75 25 899323 1761 0 663 9 4.83 3.01 5.68 8 0
20171214 14:11:27 1 0 15 0 0 10 0 75 25 891863 1618 0 663 9 4.83 3.01 5.68 8 0
20171214 14:11:28 1 0 15 0 0 10 0 75 25 893313 1626 0 663 9 4.83 3.01 5.68 8 0
20171214 14:11:29 1 0 15 0 0 9 0 75 25 881506 1589 0 663 9 4.92 3.06 5.69 8 0
20171214 14:11:30 1 0 15 0 0 10 0 75 25 891056 1744 0 663 10 4.92 3.06 5.69 9 0
20171214 14:11:31 1 0 15 0 0 10 0 75 25 884958 1657 0 663 9 4.92 3.06 5.69 8 0
20171214 14:11:32 1 0 15 0 0 10 0 75 25 894407 1632 0 663 9 4.92 3.06 5.69 8 0
20171214 14:11:33 1 0 15 0 0 9 0 75 25 905904 1574 0 663 9 4.92 3.06 5.69 8 0
20171214 14:11:34 1 0 15 0 0 9 0 75 25 886575 1661 0 663 9 5.01 3.10 5.69 8 0
20171214 14:11:35 1 0 15 0 0 9 0 75 25 905261 1608 0 663 9 5.01 3.10 5.69 8 0
20171214 14:11:36 1 0 15 0 0 9 0 75 25 893706 1599 0 663 9 5.01 3.10 5.69 8 0
20171214 14:11:37 1 0 15 0 0 9 0 75 25 895972 1559 0 663 9 5.01 3.10 5.69 8 0
20171214 14:11:38 1 0 15 0 0 10 0 75 25 888961 1732 0 663 9 5.01 3.10 5.69 8 0
20171214 14:11:39 1 0 15 0 0 9 0 75 25 893218 1565 0 663 9 5.17 3.17 5.69 8 0
20171214 14:11:40 1 0 14 0 0 10 0 75 25 895641 1768 0 663 9 5.17 3.17 5.69 9 0
20171214 14:11:41 1 0 15 0 0 10 0 75 25 892214 1635 0 663 9 5.17 3.17 5.69 8 0
20171214 14:11:42 1 0 14 0 0 10 0 75 25 905447 1754 0 663 9 5.17 3.17 5.69 8 0
20171214 14:11:43 1 0 15 0 0 9 0 75 25 887247 1664 0 663 9 5.17 3.17 5.69 8 0
20171214 14:11:44 1 0 15 0 0 10 0 75 25 907005 1948 0 663 9 5.31 3.23 5.70 8 0
20171214 14:11:45 1 0 14 0 0 10 0 75 25 888443 1802 0 663 9 5.31 3.23 5.70 8 0
20171214 14:11:46 1 0 15 0 0 9 0 75 25 897953 1647 0 663 9 5.31 3.23 5.70 8 0
20171214 14:11:47 1 0 15 0 0 10 0 75 25 891853 1735 0 663 9 5.31 3.23 5.70 8 0
20171214 14:11:48 1 0 15 0 0 10 0 75 25 918263 2015 0 663 9 5.31 3.23 5.70 8 0
20171214 14:11:49 1 0 15 0 0 10 0 75 25 924632 1818 0 663 9 5.29 3.26 5.70 8 0
20171214 14:11:50 1 0 15 0 0 10 0 75 25 883751 1790 0 663 10 5.29 3.26 5.70 9 0
20171214 14:11:51 1 0 15 0 0 10 0 75 25 884365 1637 0 663 9 5.29 3.26 5.70 8 0
20171214 14:11:52 1 0 15 0 0 9 0 75 25 888587 1581 0 663 9 5.29 3.26 5.70 8 0
20171214 14:11:53 1 0 15 0 0 10 0 75 25 885414 1648 0 663 9 5.29 3.26 5.70 8 0
20171214 14:11:54 1 0 15 0 0 10 0 75 25 898457 1767 0 663 9 5.35 3.31 5.70 8 0
20171214 14:11:55 0 0 15 0 0 10 0 75 25 891535 1741 0 663 9 5.35 3.31 5.70 8 0
20171214 14:11:56 0 0 15 0 0 10 0 75 25 889530 1595 0 663 9 5.35 3.31 5.70 8 0
20171214 14:11:57 1 0 15 0 0 10 0 75 25 893863 1664 0 663 9 5.35 3.31 5.70 8 0
20171214 14:11:58 1 0 15 0 0 10 0 75 25 899249 1685 0 663 9 5.35 3.31 5.70 8 0
20171214 14:11:59 1 0 14 0 0 10 0 75 25 903636 1759 0 663 9 5.24 3.32 5.69 8 0
20171214 14:12:00 1 0 15 0 0 10 0 75 25 891482 1643 0 663 10 5.24 3.32 5.69 9 0
20171214 14:12:01 1 0 15 0 0 10 0 74 26 908271 1827 0 663 8 5.24 3.32 5.69 8 0
20171214 14:12:02 1 0 14 0 0 10 0 75 25 889386 1741 0 663 9 5.24 3.32 5.69 8 0
20171214 14:12:03 1 0 15 0 0 10 0 75 25 899703 1670 0 663 9 5.24 3.32 5.69 8 0
20171214 14:12:04 1 0 15 0 0 10 0 75 25 893172 1647 0 663 9 5.22 3.35 5.69 8 0
20171214 14:12:05 1 0 15 0 0 9 0 75 25 891309 1610 0 663 9 5.22 3.35 5.69 8 0
20171214 14:12:06 0 0 15 0 0 10 0 75 25 888495 1704 0 663 9 5.22 3.35 5.69 8 0
20171214 14:12:07 1 0 15 0 0 9 0 75 25 884146 1586 0 663 9 5.22 3.35 5.69 8 0
20171214 14:12:08 1 0 15 0 0 9 0 75 25 897497 1616 0 663 9 5.22 3.35 5.69 8 0
20171214 14:12:09 1 0 16 0 0 9 0 75 25 888216 1508 0 663 9 5.36 3.41 5.69 8 0
20171214 14:12:10 1 0 14 0 0 10 0 75 25 892006 1807 0 663 10 5.36 3.41 5.69 9 0
20171214 14:12:11 1 0 15 0 0 9 0 75 25 900056 1635 0 663 9 5.36 3.41 5.69 8 0
20171214 14:12:12 1 0 15 0 0 10 0 75 25 906349 1649 0 663 9 5.36 3.41 5.69 8 0
20171214 14:12:13 1 0 14 0 0 10 0 75 25 893992 1671 0 663 9 5.36 3.41 5.69 8 0
20171214 14:12:14 1 0 15 0 0 10 0 75 25 893682 1714 0 663 9 5.33 3.43 5.69 8 0
20171214 14:12:15 1 0 15 0 0 10 0 75 25 899106 1721 0 663 9 5.33 3.43 5.69 8 0
20171214 14:12:16 1 0 15 0 0 10 0 75 25 894260 1801 0 663 9 5.33 3.43 5.69 8 0
20171214 14:12:17 1 0 15 0 0 10 0 75 25 885152 1633 0 663 9 5.33 3.43 5.69 8 0
20171214 14:12:18 0 0 15 0 0 10 0 75 25 889785 1735 0 663 9 5.33 3.43 5.69 8 0
20171214 14:12:19 1 0 15 0 0 9 0 75 25 888283 1562 0 663 9 5.47 3.49 5.70 8 0
20171214 14:12:20 0 0 15 0 0 10 0 75 25 889254 1635 0 663 9 5.47 3.49 5.70 9 0
20171214 14:12:21 1 0 15 0 0 9 0 75 25 889245 1586 0 663 9 5.47 3.49 5.70 8 0
20171214 14:12:22 1 0 15 0 0 9 0 75 25 895138 1699 0 663 9 5.47 3.49 5.70 8 0
20171214 14:12:23 1 0 15 0 0 10 0 75 25 891528 1648 0 663 9 5.47 3.49 5.70 8 0
20171214 14:12:24 1 0 15 0 0 10 0 75 25 885641 1583 0 663 9 5.59 3.55 5.70 8 0
20171214 14:12:25 1 0 15 0 0 9 0 75 25 892657 1614 0 663 9 5.59 3.55 5.70 8 0
20171214 14:12:26 1 0 15 0 0 9 0 75 25 888884 1664 0 663 9 5.59 3.55 5.70 8 0
20171214 14:12:27 1 0 15 0 0 10 0 75 25 887154 1649 0 663 9 5.59 3.55 5.70 8 0
20171214 14:12:28 1 0 15 0 0 10 0 75 25 890284 1625 0 663 9 5.59 3.55 5.70 8 0
20171214 14:12:29 1 0 15 0 0 9 0 75 25 895174 1571 0 663 9 5.70 3.61 5.71 8 0
20171214 14:12:30 1 0 15 0 0 9 0 75 25 889000 1644 0 663 10 5.70 3.61 5.71 9 0
20171214 14:12:31 1 0 15 0 0 10 0 75 25 896180 1632 0 663 9 5.70 3.61 5.71 8 0
20171214 14:12:32 1 0 15 0 0 10 0 75 25 893406 1664 0 663 9 5.70 3.61 5.71 8 0
20171214 14:12:33 1 0 15 0 0 9 0 75 25 896950 1591 0 663 9 5.70 3.61 5.71 8 0
20171214 14:12:34 1 0 15 0 0 10 0 75 25 891194 1691 0 663 9 5.81 3.66 5.72 8 0
20171214 14:12:35 1 0 14 0 0 10 0 75 25 903142 1706 0 663 9 5.81 3.66 5.72 8 0
20171214 14:12:36 1 0 15 0 0 10 0 75 25 887364 1613 0 663 9 5.81 3.66 5.72 8 0
20171214 14:12:37 1 0 14 0 0 10 0 75 25 885164 1698 0 663 9 5.81 3.66 5.72 8 0
20171214 14:12:38 1 0 15 0 0 10 0 75 25 884091 1722 0 663 9 5.81 3.66 5.72 8 0
20171214 14:12:39 1 0 15 0 0 10 0 75 25 886450 1595 0 663 9 5.82 3.70 5.72 8 0
20171214 14:12:40 1 0 15 0 0 9 0 75 25 886541 1600 0 663 9 5.82 3.70 5.72 9 0
20171214 14:12:41 1 0 15 0 0 9 0 75 25 891015 1622 0 663 9 5.82 3.70 5.72 8 0
20171214 14:12:42 1 0 14 0 0 10 0 75 25 883098 1739 0 663 9 5.82 3.70 5.72 8 0
20171214 14:12:43 1 0 15 0 0 10 0 75 25 885406 1637 0 663 9 5.82 3.70 5.72 8 0
20171214 14:12:44 1 0 15 0 0 9 0 75 25 885176 1549 0 663 9 5.92 3.76 5.72 8 0
20171214 14:12:45 1 0 15 0 0 10 0 75 25 885782 1628 0 663 9 5.92 3.76 5.72 8 0
20171214 14:12:46 1 0 15 0 0 10 0 75 25 886417 1716 0 663 9 5.92 3.76 5.72 8 0
20171214 14:12:47 1 0 15 0 0 10 0 75 25 884705 1670 0 663 9 5.92 3.76 5.72 8 0
20171214 14:12:48 1 0 15 0 0 9 0 75 25 887579 1573 0 663 9 5.92 3.76 5.72 8 0
20171214 14:12:49 1 0 15 0 0 9 0 75 25 894921 1536 0 663 9 6.08 3.83 5.74 8 0
20171214 14:12:50 1 0 15 0 0 9 0 75 25 921214 1807 0 663 10 6.08 3.83 5.74 9 0
20171214 14:12:51 1 0 15 0 0 10 0 75 25 895044 1682 0 663 9 6.08 3.83 5.74 8 0
20171214 14:12:52 1 0 15 0 0 9 0 75 25 891788 1610 0 663 9 6.08 3.83 5.74 8 0
20171214 14:12:53 1 0 15 0 0 10 0 75 25 890451 1659 0 663 9 6.08 3.83 5.74 8 0
20171214 14:12:54 1 0 15 0 0 10 0 75 25 884758 1682 0 663 9 6.16 3.88 5.74 8 0
20171214 14:12:55 1 0 15 0 0 10 0 75 25 905449 1629 0 663 9 6.16 3.88 5.74 8 0
20171214 14:12:56 1 0 15 0 0 9 0 75 25 895093 1619 0 663 9 6.16 3.88 5.74 8 0
20171214 14:12:57 1 0 15 0 0 10 0 75 25 889334 1638 0 663 9 6.16 3.88 5.74 8 0
20171214 14:12:58 1 0 14 0 0 10 0 75 25 893700 1774 0 663 9 6.16 3.88 5.74 8 0
20171214 14:12:59 1 0 15 0 0 9 0 75 25 902980 1606 0 663 9 6.22 3.93 5.75 8 0
20171214 14:13:00 1 0 14 0 0 10 0 75 25 886040 1688 0 663 10 6.22 3.93 5.75 9 0
20171214 14:13:01 2 0 15 0 0 10 0 74 26 890299 1837 0 663 8 6.22 3.93 5.75 8 0
20171214 14:13:02 1 0 15 0 0 10 0 75 25 896186 1742 0 663 9 6.22 3.93 5.75 8 0
20171214 14:13:03 1 0 15 0 0 10 0 75 25 898383 1622 0 663 9 6.22 3.93 5.75 8 0
20171214 14:13:04 1 0 15 0 0 10 0 75 25 890746 1655 0 663 9 6.05 3.93 5.74 8 0
20171214 14:13:05 1 0 15 0 0 10 0 75 25 896255 1658 0 663 9 6.05 3.93 5.74 8 0
20171214 14:13:06 1 0 15 0 0 10 0 75 25 891832 1766 0 663 9 6.05 3.93 5.74 8 0
20171214 14:13:07 1 0 15 0 0 9 0 75 25 890213 1553 0 663 9 6.05 3.93 5.74 8 0
