################################################################################
# Collectl:   V3.6.9-1  HiRes: 1  Options: -P -f results/2018-01-22-08-32/32cores_pin_u40_c64_154.dat -sc -c40 -oaz 
# Host:       server-0  DaemonOpts: 
# Booted:     1516650434 [20180122-12:47:14]
# Distro:     debian jessie/sid, Ubuntu 14.04.1 LTS  Platform: 
# Date:       20180122-160759  Secs: 1516662479 TZ: -0700
# SubSys:     c Options: az Interval: 1 NumCPUs: 64  CPUsDis: 1 NumBud: 0 Flags: iD
# Filters:    NfsFilt:  EnvFilt:  TcpFilt: ituc
# HZ:         100  Arch: x86_64-linux-gnu-thread-multi PageSize: 4096
# Cpu:        GenuineIntel Speed(MHz): 2199.839 Cores: 8  Siblings: 8 Nodes: 4
# Kernel:     3.13.0-100-generic  Memory: 131822812 kB  Swap: 3145724 kB
# NumDisks:   7 DiskNames: sdb sdc sde sdd sdf sdg sda
# NumNets:    9 NetNames: eth0:1000 eth1:?? eth2:?? eth3:?? eth4:10000 eth5:10000 eth6:10000 eth7:?? lo:??
# SCSI:       DA:0:00:00:00 DA:0:00:01:00 DA:0:00:02:00 DA:0:00:03:00 DA:0:00:04:00 DA:0:00:05:00 DA:0:00:06:00 ??:0:00:32:00
################################################################################
#Date Time [CPU]User% [CPU]Nice% [CPU]Sys% [CPU]Wait% [CPU]Irq% [CPU]Soft% [CPU]Steal% [CPU]Idle% [CPU]Totl% [CPU]Intrpt/sec [CPU]Ctx/sec [CPU]Proc/sec [CPU]ProcQue [CPU]ProcRun [CPU]L-Avg1 [CPU]L-Avg5 [CPU]L-Avg15 [CPU]RunTot [CPU]BlkTot
20180122 16:08:01 5 0 32 0 0 6 0 57 43 1505238 1167440 4 695 12 11.47 9.89 9.77 11 0
20180122 16:08:02 3 0 32 0 0 6 0 58 42 1531976 1194178 4 695 18 11.47 9.89 9.77 17 0
20180122 16:08:03 2 0 34 0 0 6 0 58 42 1533058 1194013 4 695 16 11.47 9.89 9.77 13 0
20180122 16:08:04 3 0 33 0 0 6 0 58 42 1536768 1197062 4 695 16 11.47 9.89 9.77 17 0
20180122 16:08:05 2 0 33 0 0 6 0 59 41 1533026 1194104 4 695 17 11.35 9.89 9.77 18 0
20180122 16:08:06 2 0 33 0 0 6 0 59 41 1538913 1196455 4 695 12 11.35 9.89 9.77 13 0
20180122 16:08:07 2 0 33 0 0 6 0 58 42 1536789 1194343 4 695 15 11.35 9.89 9.77 11 0
20180122 16:08:08 2 0 32 0 0 6 0 59 41 1554768 1191606 4 695 12 11.35 9.89 9.77 15 0
20180122 16:08:09 2 0 33 0 0 6 0 59 41 1658568 1188490 4 695 19 11.35 9.89 9.77 15 0
20180122 16:08:10 3 0 32 0 0 6 0 59 41 1568158 1203392 4 695 15 11.00 9.85 9.75 15 0
20180122 16:08:11 3 0 32 0 0 6 0 59 41 1533166 1187039 4 695 13 11.00 9.85 9.75 16 0
20180122 16:08:12 3 0 32 0 0 6 0 59 41 1537852 1197733 4 695 16 11.00 9.85 9.75 13 0
20180122 16:08:13 3 0 32 0 0 6 0 59 41 1532436 1198562 4 695 13 11.00 9.85 9.75 16 0
20180122 16:08:14 2 0 32 0 0 6 0 60 40 1529731 1191135 4 695 15 11.00 9.85 9.75 17 0
20180122 16:08:15 3 0 32 0 0 5 0 60 40 1534922 1198153 4 695 17 11.08 9.88 9.77 13 0
20180122 16:08:16 2 0 32 0 0 5 0 60 40 1530096 1193984 4 695 11 11.08 9.88 9.77 15 0
20180122 16:08:17 2 0 32 0 0 6 0 60 40 1532421 1193465 4 695 10 11.08 9.88 9.77 13 0
20180122 16:08:18 2 0 32 0 0 6 0 59 41 1532722 1196639 4 695 11 11.08 9.88 9.77 13 0
20180122 16:08:19 2 0 32 0 0 6 0 60 40 1529496 1190637 4 695 14 11.08 9.88 9.77 15 0
20180122 16:08:20 2 0 32 0 0 6 0 59 41 1535216 1221219 4 695 17 10.92 9.87 9.76 17 0
20180122 16:08:21 2 0 30 0 0 6 0 61 39 1532815 1159051 4 695 17 10.92 9.87 9.76 14 0
20180122 16:08:22 2 0 33 0 0 5 0 60 40 1532830 1184036 4 695 22 10.92 9.87 9.76 12 0
20180122 16:08:23 2 0 32 0 0 6 0 60 40 1536326 1188763 4 695 13 10.92 9.87 9.76 15 0
20180122 16:08:24 2 0 30 0 0 6 0 61 39 1534752 1188740 4 695 11 10.92 9.87 9.76 13 0
20180122 16:08:25 2 0 31 0 0 6 0 61 39 1534442 1187703 4 695 11 10.52 9.80 9.74 19 0
20180122 16:08:26 2 0 31 0 0 5 0 61 39 1532279 1187157 4 695 8 10.52 9.80 9.74 16 0
20180122 16:08:27 2 0 31 0 0 6 0 61 39 1533016 1187906 4 695 11 10.52 9.80 9.74 8 0
20180122 16:08:28 2 0 31 0 0 6 0 61 39 1533135 1188041 4 695 19 10.52 9.80 9.74 14 0
20180122 16:08:29 2 0 31 0 0 6 0 61 39 1536766 1191800 4 695 15 10.52 9.80 9.74 12 0
20180122 16:08:30 3 0 30 0 0 5 0 62 38 1525392 1194873 4 695 14 10.32 9.77 9.73 15 0
20180122 16:08:31 3 0 31 0 0 5 0 62 38 1525057 1179475 4 695 16 10.32 9.77 9.73 18 0
20180122 16:08:32 3 0 32 0 0 5 0 61 39 1532016 1192632 4 695 20 10.32 9.77 9.73 19 0
20180122 16:08:33 2 0 31 0 0 5 0 61 39 1532558 1193100 4 695 15 10.32 9.77 9.73 14 0
20180122 16:08:34 2 0 31 0 0 5 0 61 39 1531834 1191173 4 695 12 10.32 9.77 9.73 12 0
20180122 16:08:35 2 0 31 0 0 5 0 62 38 1531734 1191835 4 695 14 9.89 9.69 9.71 11 0
20180122 16:08:36 2 0 31 0 0 5 0 61 39 1531553 1191591 4 695 15 9.89 9.69 9.71 19 0
20180122 16:08:37 2 0 31 0 0 5 0 61 39 1531133 1193145 4 695 10 9.89 9.69 9.71 12 0
20180122 16:08:38 2 0 32 0 0 5 0 61 39 1530428 1187831 4 695 17 9.89 9.69 9.71 17 0
20180122 16:08:39 2 0 31 0 0 5 0 61 39 1532805 1192017 4 695 14 9.89 9.69 9.71 12 0
20180122 16:08:40 2 0 31 0 0 5 0 61 39 1532566 1189413 4 695 14 9.82 9.68 9.70 12 0
