################################################################################
# Collectl:   V3.6.9-1  HiRes: 1  Options: -P -f results/multiserv_blocking/tcp_collect_1serv_2.dat -sc -c20 
# Host:       server-0  DaemonOpts: 
# Booted:     1512503082.18 [20171205-12:44:42]
# Distro:     debian jessie/sid, Ubuntu 14.04.1 LTS  Platform: 
# Date:       20171205-174855  Secs: 1512521335 TZ: -0700
# SubSys:     c Options:  Interval: 1 NumCPUs: 32  NumBud: 0 Flags: i
# Filters:    NfsFilt:  EnvFilt:  TcpFilt: ituc
# HZ:         100  Arch: x86_64-linux-gnu-thread-multi PageSize: 4096
# Cpu:        GenuineIntel Speed(MHz): 2199.956 Cores: 8  Siblings: 8 Nodes: 4
# Kernel:     3.13.0-100-generic  Memory: 131822812 kB  Swap: 3145724 kB
# NumDisks:   7 DiskNames: sdb sdc sdd sde sdf sdg sda
# NumNets:    9 NetNames: eth0:1000 eth1:?? eth2:?? eth3:?? eth4:10000 eth5:10000 eth6:10000 eth7:?? lo:??
# SCSI:       DA:0:00:00:00 DA:0:00:01:00 DA:0:00:02:00 DA:0:00:03:00 DA:0:00:04:00 DA:0:00:05:00 DA:0:00:06:00 ??:0:00:32:00
################################################################################
#Date Time [CPU]User% [CPU]Nice% [CPU]Sys% [CPU]Wait% [CPU]Irq% [CPU]Soft% [CPU]Steal% [CPU]Idle% [CPU]Totl% [CPU]Intrpt/sec [CPU]Ctx/sec [CPU]Proc/sec [CPU]ProcQue [CPU]ProcRun [CPU]L-Avg1 [CPU]L-Avg5 [CPU]L-Avg15 [CPU]RunTot [CPU]BlkTot
20171205 17:48:57 0 0 1 0 0 0 0 99 1 47955 33462 0 432 1 0.24 0.99 2.85 0 0
20171205 17:48:58 0 0 1 0 0 0 0 99 1 47657 33426 0 432 0 0.22 0.98 2.84 0 0
20171205 17:48:59 0 0 1 0 0 0 0 99 1 48273 34261 0 432 2 0.22 0.98 2.84 0 0
20171205 17:49:00 0 0 1 0 0 0 0 99 1 48352 34197 0 432 0 0.22 0.98 2.84 1 0
20171205 17:49:01 0 0 1 0 0 0 0 99 1 48123 33198 0 432 1 0.22 0.98 2.84 2 0
20171205 17:49:02 0 0 1 0 0 0 0 99 1 47924 32867 0 432 0 0.22 0.98 2.84 1 0
20171205 17:49:03 0 0 1 0 0 0 0 99 1 48264 32625 0 432 0 0.29 0.98 2.83 0 0
20171205 17:49:04 0 0 1 0 0 0 0 99 1 48940 33431 0 432 1 0.29 0.98 2.83 0 0
20171205 17:49:05 0 0 1 0 0 0 0 99 1 51625 32491 0 432 0 0.29 0.98 2.83 0 0
20171205 17:49:06 0 0 1 0 0 0 0 99 1 48438 32478 0 432 2 0.29 0.98 2.83 1 0
20171205 17:49:07 0 0 1 0 0 0 0 98 2 50108 33025 0 432 1 0.29 0.98 2.83 0 0
20171205 17:49:08 0 0 1 0 0 0 0 99 1 48808 34843 0 432 1 0.34 0.98 2.82 1 0
20171205 17:49:09 0 0 1 0 0 0 0 99 1 48219 32274 0 432 0 0.34 0.98 2.82 1 0
20171205 17:49:10 0 0 1 0 0 0 0 99 1 47569 34111 0 432 2 0.34 0.98 2.82 0 0
20171205 17:49:11 0 0 1 0 0 0 0 99 1 48257 33334 0 432 0 0.34 0.98 2.82 1 0
20171205 17:49:12 0 0 1 0 0 0 0 99 1 48107 33987 0 432 2 0.34 0.98 2.82 0 0
20171205 17:49:13 0 0 1 0 0 0 0 99 1 47803 33725 0 432 1 0.32 0.96 2.80 1 0
20171205 17:49:14 0 0 1 0 0 0 0 99 1 47677 32196 0 432 1 0.32 0.96 2.80 0 0
20171205 17:49:15 0 0 1 0 0 0 0 99 1 48280 33558 0 432 1 0.32 0.96 2.80 0 0
20171205 17:49:16 0 0 1 0 0 0 0 99 1 48200 33469 0 432 1 0.32 0.96 2.80 1 0
################################################################################
# Collectl:   V3.6.9-1  HiRes: 1  Options: -P -f results/multiserv_blocking/tcp_collect_1serv_2.dat -sc -c20 
# Host:       server-0  DaemonOpts: 
# Booted:     1512503082.31 [20171205-12:44:42]
# Distro:     debian jessie/sid, Ubuntu 14.04.1 LTS  Platform: 
# Date:       20171205-175053  Secs: 1512521453 TZ: -0700
# SubSys:     c Options:  Interval: 1 NumCPUs: 32  NumBud: 0 Flags: i
# Filters:    NfsFilt:  EnvFilt:  TcpFilt: ituc
# HZ:         100  Arch: x86_64-linux-gnu-thread-multi PageSize: 4096
# Cpu:        GenuineIntel Speed(MHz): 2199.956 Cores: 8  Siblings: 8 Nodes: 4
# Kernel:     3.13.0-100-generic  Memory: 131822812 kB  Swap: 3145724 kB
# NumDisks:   7 DiskNames: sdb sdc sdd sde sdf sdg sda
# NumNets:    9 NetNames: eth0:1000 eth1:?? eth2:?? eth3:?? eth4:10000 eth5:10000 eth6:10000 eth7:?? lo:??
# SCSI:       DA:0:00:00:00 DA:0:00:01:00 DA:0:00:02:00 DA:0:00:03:00 DA:0:00:04:00 DA:0:00:05:00 DA:0:00:06:00 ??:0:00:32:00
################################################################################
#Date Time [CPU]User% [CPU]Nice% [CPU]Sys% [CPU]Wait% [CPU]Irq% [CPU]Soft% [CPU]Steal% [CPU]Idle% [CPU]Totl% [CPU]Intrpt/sec [CPU]Ctx/sec [CPU]Proc/sec [CPU]ProcQue [CPU]ProcRun [CPU]L-Avg1 [CPU]L-Avg5 [CPU]L-Avg15 [CPU]RunTot [CPU]BlkTot
20171205 17:50:55 0 0 1 0 0 0 0 99 1 51048 35139 0 432 1 0.35 0.77 2.55 1 0
20171205 17:50:56 0 0 1 0 0 0 0 99 1 51123 34916 0 432 0 0.35 0.77 2.55 1 0
20171205 17:50:57 0 0 1 0 0 0 0 99 1 51154 35173 0 432 1 0.35 0.77 2.55 1 0
20171205 17:50:58 0 0 1 0 0 0 0 99 1 51155 35213 0 432 1 0.40 0.78 2.54 0 0
20171205 17:50:59 0 0 1 0 0 0 0 99 1 50994 35329 0 432 1 0.40 0.78 2.54 0 0
20171205 17:51:00 0 0 1 0 0 0 0 99 1 51002 35070 0 432 1 0.40 0.78 2.54 0 0
20171205 17:51:01 0 0 1 0 0 0 0 99 1 51242 34922 0 432 0 0.40 0.78 2.54 2 0
20171205 17:51:02 0 0 1 0 0 0 0 99 1 51396 35008 0 432 0 0.40 0.78 2.54 0 0
20171205 17:51:03 0 0 1 0 0 0 0 99 1 51348 35038 0 432 0 0.37 0.77 2.53 0 0
20171205 17:51:04 0 0 1 0 0 0 0 98 2 51610 36135 0 432 2 0.37 0.77 2.53 0 0
20171205 17:51:05 0 0 1 0 0 0 0 99 1 51384 36061 0 432 2 0.37 0.77 2.53 0 0
20171205 17:51:06 0 0 1 0 0 0 0 99 1 51712 35644 0 432 1 0.37 0.77 2.53 1 0
20171205 17:51:07 0 0 1 0 0 0 0 99 1 51519 35035 0 432 0 0.37 0.77 2.53 1 0
20171205 17:51:08 0 0 1 0 0 0 0 99 1 51713 35832 0 432 1 0.34 0.75 2.51 1 0
20171205 17:51:09 0 0 1 0 0 0 0 99 1 51571 35245 0 432 1 0.34 0.75 2.51 0 0
20171205 17:51:10 0 0 1 0 0 0 0 99 1 51552 35220 0 432 1 0.34 0.75 2.51 1 0
20171205 17:51:11 0 0 1 0 0 0 0 99 1 51541 35144 0 432 1 0.34 0.75 2.51 1 0
20171205 17:51:12 0 0 1 0 0 0 0 99 1 51723 36659 0 432 2 0.34 0.75 2.51 0 0
20171205 17:51:13 0 0 1 0 0 0 0 99 1 54703 36299 0 432 0 0.31 0.74 2.50 0 0
20171205 17:51:14 0 0 1 0 0 0 0 99 1 55058 36454 0 432 1 0.31 0.74 2.50 0 0
################################################################################
# Collectl:   V3.6.9-1  HiRes: 1  Options: -P -f results/multiserv_blocking/tcp_collect_1serv_2.dat -sc -c20 
# Host:       server-0  DaemonOpts: 
# Booted:     1512503082.43 [20171205-12:44:42]
# Distro:     debian jessie/sid, Ubuntu 14.04.1 LTS  Platform: 
# Date:       20171205-175250  Secs: 1512521570 TZ: -0700
# SubSys:     c Options:  Interval: 1 NumCPUs: 32  NumBud: 0 Flags: i
# Filters:    NfsFilt:  EnvFilt:  TcpFilt: ituc
# HZ:         100  Arch: x86_64-linux-gnu-thread-multi PageSize: 4096
# Cpu:        GenuineIntel Speed(MHz): 2199.956 Cores: 8  Siblings: 8 Nodes: 4
# Kernel:     3.13.0-100-generic  Memory: 131822812 kB  Swap: 3145724 kB
# NumDisks:   7 DiskNames: sdb sdc sdd sde sdf sdg sda
# NumNets:    9 NetNames: eth0:1000 eth1:?? eth2:?? eth3:?? eth4:10000 eth5:10000 eth6:10000 eth7:?? lo:??
# SCSI:       DA:0:00:00:00 DA:0:00:01:00 DA:0:00:02:00 DA:0:00:03:00 DA:0:00:04:00 DA:0:00:05:00 DA:0:00:06:00 ??:0:00:32:00
################################################################################
#Date Time [CPU]User% [CPU]Nice% [CPU]Sys% [CPU]Wait% [CPU]Irq% [CPU]Soft% [CPU]Steal% [CPU]Idle% [CPU]Totl% [CPU]Intrpt/sec [CPU]Ctx/sec [CPU]Proc/sec [CPU]ProcQue [CPU]ProcRun [CPU]L-Avg1 [CPU]L-Avg5 [CPU]L-Avg15 [CPU]RunTot [CPU]BlkTot
20171205 17:52:52 0 0 2 0 0 0 0 98 2 96610 26598 0 433 1 0.34 0.64 2.29 1 0
20171205 17:52:53 0 0 2 0 0 0 0 98 2 94976 27581 0 433 2 0.39 0.64 2.28 1 0
20171205 17:52:54 0 0 2 0 0 0 0 98 2 95878 27601 0 433 2 0.39 0.64 2.28 1 0
20171205 17:52:55 0 0 2 0 0 0 0 98 2 94205 29257 0 433 2 0.39 0.64 2.28 1 0
20171205 17:52:56 0 0 2 0 0 0 0 98 2 94366 29068 0 433 1 0.39 0.64 2.28 1 0
20171205 17:52:57 0 0 2 0 0 0 0 98 2 93748 28983 0 433 1 0.39 0.64 2.28 1 0
20171205 17:52:58 0 0 2 0 0 0 0 98 2 93712 28382 0 433 2 0.36 0.63 2.27 1 0
20171205 17:52:59 0 0 2 0 0 0 0 98 2 94059 29067 0 433 2 0.36 0.63 2.27 1 0
20171205 17:53:00 0 0 2 0 0 0 0 98 2 94592 29193 0 433 2 0.36 0.63 2.27 1 0
20171205 17:53:01 0 0 2 0 0 0 0 98 2 93873 28841 0 433 0 0.36 0.63 2.27 1 0
20171205 17:53:02 0 0 2 0 0 0 0 97 3 92321 27108 0 433 1 0.36 0.63 2.27 1 0
20171205 17:53:03 0 0 2 0 0 0 0 98 2 92575 27124 0 433 0 0.41 0.64 2.27 1 0
20171205 17:53:04 0 0 2 0 0 0 0 97 3 93516 26461 0 433 0 0.41 0.64 2.27 1 0
20171205 17:53:05 0 0 2 0 0 0 0 98 2 92133 27438 0 433 2 0.41 0.64 2.27 1 0
20171205 17:53:06 0 0 2 0 0 0 0 98 2 94102 26258 0 433 2 0.41 0.64 2.27 1 0
20171205 17:53:07 0 0 2 0 0 0 0 98 2 92626 27147 0 433 1 0.41 0.64 2.27 1 0
20171205 17:53:08 0 0 2 0 0 0 0 98 2 92701 26238 0 433 0 0.46 0.65 2.26 1 0
20171205 17:53:09 0 0 2 0 0 0 0 98 2 91997 26680 0 433 2 0.46 0.65 2.26 1 0
20171205 17:53:10 0 0 2 0 0 0 0 98 2 95121 26079 0 433 2 0.46 0.65 2.26 1 0
20171205 17:53:11 0 0 2 0 0 0 0 98 2 92578 26949 0 433 2 0.46 0.65 2.26 1 0
################################################################################
# Collectl:   V3.6.9-1  HiRes: 1  Options: -P -f results/multiserv_blocking/tcp_collect_1serv_2.dat -sc -c20 
# Host:       server-0  DaemonOpts: 
# Booted:     1512503082.49 [20171205-12:44:42]
# Distro:     debian jessie/sid, Ubuntu 14.04.1 LTS  Platform: 
# Date:       20171205-175448  Secs: 1512521688 TZ: -0700
# SubSys:     c Options:  Interval: 1 NumCPUs: 32  NumBud: 0 Flags: i
# Filters:    NfsFilt:  EnvFilt:  TcpFilt: ituc
# HZ:         100  Arch: x86_64-linux-gnu-thread-multi PageSize: 4096
# Cpu:        GenuineIntel Speed(MHz): 2199.956 Cores: 8  Siblings: 8 Nodes: 4
# Kernel:     3.13.0-100-generic  Memory: 131822812 kB  Swap: 3145724 kB
# NumDisks:   7 DiskNames: sdb sdc sdd sde sdf sdg sda
# NumNets:    9 NetNames: eth0:1000 eth1:?? eth2:?? eth3:?? eth4:10000 eth5:10000 eth6:10000 eth7:?? lo:??
# SCSI:       DA:0:00:00:00 DA:0:00:01:00 DA:0:00:02:00 DA:0:00:03:00 DA:0:00:04:00 DA:0:00:05:00 DA:0:00:06:00 ??:0:00:32:00
################################################################################
#Date Time [CPU]User% [CPU]Nice% [CPU]Sys% [CPU]Wait% [CPU]Irq% [CPU]Soft% [CPU]Steal% [CPU]Idle% [CPU]Totl% [CPU]Intrpt/sec [CPU]Ctx/sec [CPU]Proc/sec [CPU]ProcQue [CPU]ProcRun [CPU]L-Avg1 [CPU]L-Avg5 [CPU]L-Avg15 [CPU]RunTot [CPU]BlkTot
20171205 17:54:50 0 0 3 0 0 0 0 97 3 107751 471 0 433 2 0.66 0.67 2.10 1 0
20171205 17:54:51 0 0 3 0 0 0 0 97 3 114797 800 0 433 1 0.66 0.67 2.10 2 0
20171205 17:54:52 0 0 3 0 0 0 0 97 3 108395 556 0 433 3 0.66 0.67 2.10 3 0
20171205 17:54:53 0 0 3 0 0 0 0 96 4 108455 619 0 433 2 0.66 0.67 2.10 1 0
20171205 17:54:54 0 0 3 0 0 0 0 97 3 110726 695 0 433 1 0.76 0.69 2.10 1 0
20171205 17:54:55 0 0 3 0 0 0 0 97 3 110293 606 0 433 2 0.76 0.69 2.10 1 0
20171205 17:54:56 0 0 3 0 0 0 0 97 3 110499 683 1 433 2 0.76 0.69 2.10 1 0
20171205 17:54:57 0 0 3 0 0 0 0 97 3 106712 543 0 433 2 0.76 0.69 2.10 1 0
20171205 17:54:58 0 0 3 0 0 0 0 97 3 105320 378 0 433 2 0.76 0.69 2.10 1 0
20171205 17:54:59 0 0 3 0 0 0 0 97 3 107286 655 0 433 3 0.70 0.68 2.09 1 0
20171205 17:55:00 0 0 3 0 0 0 0 97 3 108807 758 0 433 2 0.70 0.68 2.09 1 0
20171205 17:55:01 0 0 3 0 0 0 0 97 3 109231 746 0 433 1 0.70 0.68 2.09 2 0
20171205 17:55:02 0 0 3 0 0 0 0 97 3 109846 1017 0 433 2 0.70 0.68 2.09 1 0
20171205 17:55:03 0 0 3 0 0 0 0 97 3 107128 674 0 433 2 0.70 0.68 2.09 1 0
20171205 17:55:04 0 0 3 0 0 0 0 97 3 108420 479 0 433 1 0.73 0.69 2.09 1 0
20171205 17:55:05 0 0 3 0 0 0 0 97 3 108794 622 0 433 1 0.73 0.69 2.09 1 0
20171205 17:55:06 0 0 3 0 0 0 0 97 3 106797 516 0 433 2 0.73 0.69 2.09 1 0
20171205 17:55:07 0 0 3 0 0 0 0 97 3 109164 586 0 433 2 0.73 0.69 2.09 1 0
20171205 17:55:08 0 0 3 0 0 0 0 97 3 106401 416 0 433 1 0.73 0.69 2.09 1 0
20171205 17:55:09 0 0 3 0 0 0 0 97 3 108085 618 0 433 2 0.67 0.68 2.08 1 0
################################################################################
# Collectl:   V3.6.9-1  HiRes: 1  Options: -P -f results/multiserv_blocking/tcp_collect_1serv_2.dat -sc -c20 
# Host:       server-0  DaemonOpts: 
# Booted:     1512503082.72 [20171205-12:44:42]
# Distro:     debian jessie/sid, Ubuntu 14.04.1 LTS  Platform: 
# Date:       20171205-175646  Secs: 1512521806 TZ: -0700
# SubSys:     c Options:  Interval: 1 NumCPUs: 32  NumBud: 0 Flags: i
# Filters:    NfsFilt:  EnvFilt:  TcpFilt: ituc
# HZ:         100  Arch: x86_64-linux-gnu-thread-multi PageSize: 4096
# Cpu:        GenuineIntel Speed(MHz): 2199.956 Cores: 8  Siblings: 8 Nodes: 4
# Kernel:     3.13.0-100-generic  Memory: 131822812 kB  Swap: 3145724 kB
# NumDisks:   7 DiskNames: sdb sdc sdd sde sdf sdg sda
# NumNets:    9 NetNames: eth0:1000 eth1:?? eth2:?? eth3:?? eth4:10000 eth5:10000 eth6:10000 eth7:?? lo:??
# SCSI:       DA:0:00:00:00 DA:0:00:01:00 DA:0:00:02:00 DA:0:00:03:00 DA:0:00:04:00 DA:0:00:05:00 DA:0:00:06:00 ??:0:00:32:00
################################################################################
#Date Time [CPU]User% [CPU]Nice% [CPU]Sys% [CPU]Wait% [CPU]Irq% [CPU]Soft% [CPU]Steal% [CPU]Idle% [CPU]Totl% [CPU]Intrpt/sec [CPU]Ctx/sec [CPU]Proc/sec [CPU]ProcQue [CPU]ProcRun [CPU]L-Avg1 [CPU]L-Avg5 [CPU]L-Avg15 [CPU]RunTot [CPU]BlkTot
20171205 17:56:48 0 0 3 0 0 0 0 97 3 85187 400 0 433 2 0.81 0.72 1.95 1 0
20171205 17:56:49 0 0 3 0 0 0 0 97 3 89426 162 0 433 3 0.75 0.71 1.94 1 0
20171205 17:56:50 0 0 3 0 0 0 0 97 3 84667 130 0 433 3 0.75 0.71 1.94 1 0
20171205 17:56:51 0 0 3 0 0 0 0 97 3 86832 54 0 433 1 0.75 0.71 1.94 2 0
20171205 17:56:52 0 0 3 0 0 0 0 97 3 61345 534 0 433 3 0.75 0.71 1.94 1 0
20171205 17:56:53 0 0 3 0 0 0 0 96 4 64102 476 0 433 2 0.75 0.71 1.94 2 0
20171205 17:56:54 0 0 3 0 0 0 0 96 4 62500 359 0 433 2 0.69 0.70 1.93 1 0
20171205 17:56:55 0 0 3 0 0 0 0 97 3 78929 317 0 433 2 0.69 0.70 1.93 1 0
20171205 17:56:56 0 0 3 0 0 0 0 97 3 78033 322 0 433 2 0.69 0.70 1.93 1 0
20171205 17:56:57 0 0 3 0 0 0 0 97 3 86606 167 0 433 2 0.69 0.70 1.93 1 0
20171205 17:56:58 0 0 3 0 0 0 0 97 3 81601 343 0 433 2 0.69 0.70 1.93 1 0
20171205 17:56:59 0 0 3 0 0 0 0 97 3 62520 521 0 433 2 0.71 0.70 1.93 1 0
20171205 17:57:00 0 0 3 0 0 0 0 97 3 91003 201 0 433 2 0.71 0.70 1.93 1 0
20171205 17:57:01 0 0 3 0 0 0 0 97 3 87048 493 0 433 3 0.71 0.70 1.93 2 0
20171205 17:57:02 0 0 3 0 0 0 0 97 3 93219 253 0 433 2 0.71 0.70 1.93 2 0
20171205 17:57:03 0 0 3 0 0 0 0 97 3 91709 79 0 433 2 0.71 0.70 1.93 1 0
20171205 17:57:04 0 0 3 0 0 0 0 97 3 93820 212 0 433 2 0.73 0.71 1.92 1 0
20171205 17:57:05 0 0 3 0 0 0 0 97 3 91861 114 0 433 2 0.73 0.71 1.92 1 0
20171205 17:57:06 0 0 3 0 0 0 0 97 3 80756 108 0 433 2 0.73 0.71 1.92 1 0
20171205 17:57:07 0 0 3 0 0 0 0 97 3 90645 124 0 433 2 0.73 0.71 1.92 1 0
################################################################################
# Collectl:   V3.6.9-1  HiRes: 1  Options: -P -f results/multiserv_blocking/tcp_collect_1serv_2.dat -sc -c20 
# Host:       server-0  DaemonOpts: 
# Booted:     1512503082.86 [20171205-12:44:42]
# Distro:     debian jessie/sid, Ubuntu 14.04.1 LTS  Platform: 
# Date:       20171205-175844  Secs: 1512521924 TZ: -0700
# SubSys:     c Options:  Interval: 1 NumCPUs: 32  NumBud: 0 Flags: i
# Filters:    NfsFilt:  EnvFilt:  TcpFilt: ituc
# HZ:         100  Arch: x86_64-linux-gnu-thread-multi PageSize: 4096
# Cpu:        GenuineIntel Speed(MHz): 2199.956 Cores: 8  Siblings: 8 Nodes: 4
# Kernel:     3.13.0-100-generic  Memory: 131822812 kB  Swap: 3145724 kB
# NumDisks:   7 DiskNames: sdb sdc sdd sde sdf sdg sda
# NumNets:    9 NetNames: eth0:1000 eth1:?? eth2:?? eth3:?? eth4:10000 eth5:10000 eth6:10000 eth7:?? lo:??
# SCSI:       DA:0:00:00:00 DA:0:00:01:00 DA:0:00:02:00 DA:0:00:03:00 DA:0:00:04:00 DA:0:00:05:00 DA:0:00:06:00 ??:0:00:32:00
################################################################################
#Date Time [CPU]User% [CPU]Nice% [CPU]Sys% [CPU]Wait% [CPU]Irq% [CPU]Soft% [CPU]Steal% [CPU]Idle% [CPU]Totl% [CPU]Intrpt/sec [CPU]Ctx/sec [CPU]Proc/sec [CPU]ProcQue [CPU]ProcRun [CPU]L-Avg1 [CPU]L-Avg5 [CPU]L-Avg15 [CPU]RunTot [CPU]BlkTot
20171205 17:58:46 0 0 3 0 0 0 0 97 3 65830 113 0 432 3 0.58 0.65 1.78 1 0
20171205 17:58:47 0 0 3 0 0 0 0 97 3 66107 80 0 432 2 0.58 0.65 1.78 1 0
20171205 17:58:48 0 0 3 0 0 0 0 97 3 65413 165 0 432 2 0.58 0.65 1.78 1 0
20171205 17:58:49 0 0 3 0 0 0 0 97 3 88696 138 0 432 1 0.61 0.66 1.77 1 0
20171205 17:58:50 0 0 3 0 0 0 0 97 3 71324 75 0 432 2 0.61 0.66 1.77 1 0
20171205 17:58:51 0 0 3 0 0 0 0 97 3 77970 98 0 432 4 0.61 0.66 1.77 3 0
20171205 17:58:52 0 0 3 0 0 0 0 97 3 81206 195 0 432 2 0.61 0.66 1.77 1 0
20171205 17:58:53 0 0 3 0 0 0 0 97 3 76328 226 2 434 2 0.61 0.66 1.77 1 0
20171205 17:58:54 0 0 3 0 0 0 0 97 3 70047 317 2 434 3 0.64 0.66 1.77 1 0
20171205 17:58:55 0 0 3 0 0 0 0 97 3 69710 431 4 434 3 0.64 0.66 1.77 1 0
20171205 17:58:56 0 0 3 0 0 0 0 97 3 69113 478 4 434 3 0.64 0.66 1.77 1 0
20171205 17:58:57 0 0 3 0 0 0 0 97 3 69993 334 2 434 3 0.64 0.66 1.77 1 0
20171205 17:58:58 0 0 3 0 0 0 0 97 3 69209 444 3 433 1 0.64 0.66 1.77 1 0
20171205 17:58:59 0 0 3 0 0 0 0 97 3 69944 390 3 432 1 0.67 0.67 1.77 3 0
20171205 17:59:00 0 0 3 0 0 0 0 97 3 69700 392 4 434 2 0.67 0.67 1.77 1 0
20171205 17:59:01 0 0 3 0 0 0 0 97 3 69413 328 2 434 4 0.67 0.67 1.77 3 0
20171205 17:59:02 0 0 3 0 0 0 0 97 3 72057 343 2 434 2 0.67 0.67 1.77 1 0
20171205 17:59:03 0 0 3 0 0 0 0 97 3 72995 396 4 434 2 0.67 0.67 1.77 1 0
20171205 17:59:04 0 0 3 0 0 0 0 97 3 72012 490 4 434 2 0.70 0.67 1.76 1 0
20171205 17:59:05 0 0 3 0 0 0 0 97 3 70794 404 2 434 2 0.70 0.67 1.76 1 0
################################################################################
# Collectl:   V3.6.9-1  HiRes: 1  Options: -P -f results/multiserv_blocking/tcp_collect_1serv_2.dat -sc -c20 
# Host:       server-0  DaemonOpts: 
# Booted:     1512503082.16 [20171205-12:44:42]
# Distro:     debian jessie/sid, Ubuntu 14.04.1 LTS  Platform: 
# Date:       20171205-180042  Secs: 1512522042 TZ: -0700
# SubSys:     c Options:  Interval: 1 NumCPUs: 32  NumBud: 0 Flags: i
# Filters:    NfsFilt:  EnvFilt:  TcpFilt: ituc
# HZ:         100  Arch: x86_64-linux-gnu-thread-multi PageSize: 4096
# Cpu:        GenuineIntel Speed(MHz): 2199.956 Cores: 8  Siblings: 8 Nodes: 4
# Kernel:     3.13.0-100-generic  Memory: 131822812 kB  Swap: 3145724 kB
# NumDisks:   7 DiskNames: sdb sdc sdd sde sdf sdg sda
# NumNets:    9 NetNames: eth0:1000 eth1:?? eth2:?? eth3:?? eth4:10000 eth5:10000 eth6:10000 eth7:?? lo:??
# SCSI:       DA:0:00:00:00 DA:0:00:01:00 DA:0:00:02:00 DA:0:00:03:00 DA:0:00:04:00 DA:0:00:05:00 DA:0:00:06:00 ??:0:00:32:00
################################################################################
#Date Time [CPU]User% [CPU]Nice% [CPU]Sys% [CPU]Wait% [CPU]Irq% [CPU]Soft% [CPU]Steal% [CPU]Idle% [CPU]Totl% [CPU]Intrpt/sec [CPU]Ctx/sec [CPU]Proc/sec [CPU]ProcQue [CPU]ProcRun [CPU]L-Avg1 [CPU]L-Avg5 [CPU]L-Avg15 [CPU]RunTot [CPU]BlkTot
20171205 18:00:44 0 0 3 0 0 0 0 97 3 66875 162 0 432 2 0.85 0.72 1.67 1 0
20171205 18:00:45 0 0 3 0 0 0 0 97 3 66859 146 0 432 2 0.85 0.72 1.67 1 0
20171205 18:00:46 0 0 3 0 0 0 0 97 3 66882 70 0 432 2 0.85 0.72 1.67 1 0
20171205 18:00:47 0 0 3 0 0 0 0 97 3 67641 106 0 432 2 0.85 0.72 1.67 1 0
20171205 18:00:48 0 0 3 0 0 0 0 97 3 67493 159 0 432 2 0.85 0.72 1.67 1 0
20171205 18:00:49 0 0 3 0 0 0 0 97 3 66641 87 0 432 2 0.86 0.73 1.67 1 0
20171205 18:00:50 0 0 3 0 0 0 0 97 3 66441 99 0 432 3 0.86 0.73 1.67 1 0
20171205 18:00:51 0 0 3 0 0 0 0 97 3 66020 253 0 432 1 0.86 0.73 1.67 2 0
20171205 18:00:52 0 0 3 0 0 0 0 97 3 65845 114 0 432 2 0.86 0.73 1.67 1 0
20171205 18:00:53 0 0 3 0 0 0 0 97 3 66344 150 0 432 2 0.86 0.73 1.67 1 0
20171205 18:00:54 0 0 3 0 0 0 0 97 3 66850 115 0 432 2 0.87 0.73 1.66 1 0
20171205 18:00:55 0 0 3 0 0 0 0 97 3 66292 70 0 432 2 0.87 0.73 1.66 1 0
20171205 18:00:56 0 0 3 0 0 0 0 97 3 65074 216 1 432 2 0.87 0.73 1.66 1 0
20171205 18:00:57 0 0 3 0 0 0 0 97 3 65071 159 0 432 2 0.87 0.73 1.66 1 0
20171205 18:00:58 0 0 3 0 0 0 0 97 3 64744 51 0 432 2 0.87 0.73 1.66 1 0
20171205 18:00:59 0 0 3 0 0 0 0 97 3 64192 105 0 432 2 0.88 0.74 1.66 1 0
20171205 18:01:00 0 0 3 0 0 0 0 97 3 64744 92 0 432 3 0.88 0.74 1.66 1 0
20171205 18:01:01 0 0 3 0 0 0 0 97 3 65239 142 0 432 1 0.88 0.74 1.66 2 0
20171205 18:01:02 0 0 3 0 0 0 0 97 3 87654 290 0 432 1 0.88 0.74 1.66 1 0
20171205 18:01:03 0 0 3 0 0 0 0 97 3 68377 65 0 432 1 0.88 0.74 1.66 1 0
################################################################################
# Collectl:   V3.6.9-1  HiRes: 1  Options: -P -f results/multiserv_blocking/tcp_collect_1serv_2.dat -sc -c20 
# Host:       server-0  DaemonOpts: 
# Booted:     1512503082.14 [20171205-12:44:42]
# Distro:     debian jessie/sid, Ubuntu 14.04.1 LTS  Platform: 
# Date:       20171205-180243  Secs: 1512522163 TZ: -0700
# SubSys:     c Options:  Interval: 1 NumCPUs: 32  NumBud: 0 Flags: i
# Filters:    NfsFilt:  EnvFilt:  TcpFilt: ituc
# HZ:         100  Arch: x86_64-linux-gnu-thread-multi PageSize: 4096
# Cpu:        GenuineIntel Speed(MHz): 2199.956 Cores: 8  Siblings: 8 Nodes: 4
# Kernel:     3.13.0-100-generic  Memory: 131822812 kB  Swap: 3145724 kB
# NumDisks:   7 DiskNames: sdb sdc sdd sde sdf sdg sda
# NumNets:    9 NetNames: eth0:1000 eth1:?? eth2:?? eth3:?? eth4:10000 eth5:10000 eth6:10000 eth7:?? lo:??
# SCSI:       DA:0:00:00:00 DA:0:00:01:00 DA:0:00:02:00 DA:0:00:03:00 DA:0:00:04:00 DA:0:00:05:00 DA:0:00:06:00 ??:0:00:32:00
################################################################################
#Date Time [CPU]User% [CPU]Nice% [CPU]Sys% [CPU]Wait% [CPU]Irq% [CPU]Soft% [CPU]Steal% [CPU]Idle% [CPU]Totl% [CPU]Intrpt/sec [CPU]Ctx/sec [CPU]Proc/sec [CPU]ProcQue [CPU]ProcRun [CPU]L-Avg1 [CPU]L-Avg5 [CPU]L-Avg15 [CPU]RunTot [CPU]BlkTot
20171205 18:02:45 0 0 3 0 0 0 0 97 3 63974 132 0 432 2 0.94 0.80 1.58 1 0
20171205 18:02:46 0 0 3 0 0 0 0 97 3 64032 110 0 432 2 0.94 0.80 1.58 1 0
20171205 18:02:47 0 0 3 0 0 0 0 97 3 65002 113 0 432 1 0.94 0.80 1.58 1 0
20171205 18:02:48 0 0 3 0 0 0 0 97 3 63814 120 0 432 3 0.94 0.80 1.58 1 0
20171205 18:02:49 0 0 3 0 0 0 0 97 3 65517 147 0 432 2 0.94 0.81 1.58 1 0
20171205 18:02:50 0 0 3 0 0 0 0 97 3 63577 49 0 432 2 0.94 0.81 1.58 1 0
20171205 18:02:51 0 0 3 0 0 0 0 97 3 65569 119 0 432 1 0.94 0.81 1.58 2 0
20171205 18:02:52 0 0 3 0 0 0 0 97 3 64763 166 0 432 2 0.94 0.81 1.58 1 0
20171205 18:02:53 0 0 3 0 0 0 0 97 3 64373 90 0 432 2 0.94 0.81 1.58 1 0
20171205 18:02:54 0 0 3 0 0 0 0 97 3 63046 115 0 432 2 0.95 0.81 1.58 1 0
20171205 18:02:55 0 0 3 0 0 0 0 97 3 66671 101 0 432 2 0.95 0.81 1.58 1 0
20171205 18:02:56 0 0 3 0 0 0 0 97 3 65178 92 0 432 2 0.95 0.81 1.58 1 0
20171205 18:02:57 0 0 3 0 0 0 0 97 3 64904 147 0 432 2 0.95 0.81 1.58 1 0
20171205 18:02:58 0 0 3 0 0 0 0 97 3 64707 88 0 432 2 0.95 0.81 1.58 1 0
20171205 18:02:59 0 0 3 0 0 0 0 97 3 65466 63 0 432 1 0.95 0.81 1.57 1 0
20171205 18:03:00 0 0 3 0 0 0 0 97 3 65967 139 0 432 2 0.95 0.81 1.57 1 0
20171205 18:03:01 0 0 3 0 0 0 0 97 3 65168 135 0 432 1 0.95 0.81 1.57 2 0
20171205 18:03:02 0 0 3 0 0 0 0 97 3 65118 65 0 432 2 0.95 0.81 1.57 1 0
20171205 18:03:03 0 0 3 0 0 0 0 97 3 64021 107 0 432 1 0.95 0.81 1.57 1 0
20171205 18:03:04 0 0 3 0 0 0 0 97 3 64981 140 0 432 1 0.96 0.82 1.57 1 0
################################################################################
# Collectl:   V3.6.9-1  HiRes: 1  Options: -P -f results/multiserv_blocking/tcp_collect_1serv_2.dat -sc -c20 
# Host:       server-0  DaemonOpts: 
# Booted:     1512503082.27 [20171205-12:44:42]
# Distro:     debian jessie/sid, Ubuntu 14.04.1 LTS  Platform: 
# Date:       20171205-180450  Secs: 1512522290 TZ: -0700
# SubSys:     c Options:  Interval: 1 NumCPUs: 32  NumBud: 0 Flags: i
# Filters:    NfsFilt:  EnvFilt:  TcpFilt: ituc
# HZ:         100  Arch: x86_64-linux-gnu-thread-multi PageSize: 4096
# Cpu:        GenuineIntel Speed(MHz): 2199.956 Cores: 8  Siblings: 8 Nodes: 4
# Kernel:     3.13.0-100-generic  Memory: 131822812 kB  Swap: 3145724 kB
# NumDisks:   7 DiskNames: sdb sdc sdd sde sdf sdg sda
# NumNets:    9 NetNames: eth0:1000 eth1:?? eth2:?? eth3:?? eth4:10000 eth5:10000 eth6:10000 eth7:?? lo:??
# SCSI:       DA:0:00:00:00 DA:0:00:01:00 DA:0:00:02:00 DA:0:00:03:00 DA:0:00:04:00 DA:0:00:05:00 DA:0:00:06:00 ??:0:00:32:00
################################################################################
#Date Time [CPU]User% [CPU]Nice% [CPU]Sys% [CPU]Wait% [CPU]Irq% [CPU]Soft% [CPU]Steal% [CPU]Idle% [CPU]Totl% [CPU]Intrpt/sec [CPU]Ctx/sec [CPU]Proc/sec [CPU]ProcQue [CPU]ProcRun [CPU]L-Avg1 [CPU]L-Avg5 [CPU]L-Avg15 [CPU]RunTot [CPU]BlkTot
20171205 18:04:52 0 0 3 0 0 0 0 97 3 62119 173 0 432 3 0.99 0.87 1.51 1 0
20171205 18:04:53 0 0 3 0 0 0 0 97 3 62171 104 0 432 2 0.99 0.87 1.51 1 0
20171205 18:04:54 0 0 3 0 0 0 0 97 3 62377 115 0 432 2 0.99 0.87 1.51 1 0
20171205 18:04:55 0 0 3 0 0 0 0 97 3 61957 59 0 432 2 0.99 0.87 1.51 1 0
20171205 18:04:56 0 0 3 0 0 0 0 97 3 61827 162 0 432 2 0.99 0.87 1.51 1 0
20171205 18:04:57 0 0 3 0 0 0 0 97 3 61896 144 0 432 2 0.99 0.87 1.51 1 0
20171205 18:04:58 0 0 3 0 0 0 0 97 3 62892 48 0 432 2 0.99 0.87 1.51 1 0
20171205 18:04:59 0 0 3 0 0 0 0 97 3 60952 104 0 432 2 0.99 0.87 1.50 1 0
20171205 18:05:00 0 0 3 0 0 0 0 97 3 60929 148 0 432 2 0.99 0.87 1.50 1 0
20171205 18:05:01 0 0 3 0 0 0 0 97 3 60399 98 0 432 1 0.99 0.87 1.50 2 0
20171205 18:05:02 0 0 3 0 0 0 0 97 3 62769 134 0 432 2 0.99 0.87 1.50 1 0
20171205 18:05:03 0 0 3 0 0 0 0 97 3 61580 92 0 432 2 0.99 0.87 1.50 1 0
20171205 18:05:04 0 0 3 0 0 0 0 97 3 62518 90 0 432 2 0.99 0.88 1.50 1 0
20171205 18:05:05 0 0 3 0 0 0 0 97 3 64530 128 0 432 2 0.99 0.88 1.50 1 0
20171205 18:05:06 0 0 3 0 0 0 0 97 3 63475 93 0 432 2 0.99 0.88 1.50 1 0
20171205 18:05:07 0 0 3 0 0 0 0 97 3 61880 55 0 432 2 0.99 0.88 1.50 1 0
20171205 18:05:08 0 0 3 0 0 0 0 97 3 62872 135 0 432 2 0.99 0.88 1.50 1 0
20171205 18:05:09 0 0 3 0 0 0 0 97 3 63674 144 0 432 2 0.99 0.88 1.50 1 0
20171205 18:05:10 0 0 3 0 0 0 0 97 3 63178 82 0 432 2 0.99 0.88 1.50 1 0
20171205 18:05:11 0 0 3 0 0 0 0 97 3 62917 104 0 432 1 0.99 0.88 1.50 2 0
################################################################################
# Collectl:   V3.6.9-1  HiRes: 1  Options: -P -f results/multiserv_blocking/tcp_collect_1serv_2.dat -sc -c20 
# Host:       server-0  DaemonOpts: 
# Booted:     1512503082.36 [20171205-12:44:42]
# Distro:     debian jessie/sid, Ubuntu 14.04.1 LTS  Platform: 
# Date:       20171205-180709  Secs: 1512522429 TZ: -0700
# SubSys:     c Options:  Interval: 1 NumCPUs: 32  NumBud: 0 Flags: i
# Filters:    NfsFilt:  EnvFilt:  TcpFilt: ituc
# HZ:         100  Arch: x86_64-linux-gnu-thread-multi PageSize: 4096
# Cpu:        GenuineIntel Speed(MHz): 2199.956 Cores: 8  Siblings: 8 Nodes: 4
# Kernel:     3.13.0-100-generic  Memory: 131822812 kB  Swap: 3145724 kB
# NumDisks:   7 DiskNames: sdb sdc sdd sde sdf sdg sda
# NumNets:    9 NetNames: eth0:1000 eth1:?? eth2:?? eth3:?? eth4:10000 eth5:10000 eth6:10000 eth7:?? lo:??
# SCSI:       DA:0:00:00:00 DA:0:00:01:00 DA:0:00:02:00 DA:0:00:03:00 DA:0:00:04:00 DA:0:00:05:00 DA:0:00:06:00 ??:0:00:32:00
################################################################################
#Date Time [CPU]User% [CPU]Nice% [CPU]Sys% [CPU]Wait% [CPU]Irq% [CPU]Soft% [CPU]Steal% [CPU]Idle% [CPU]Totl% [CPU]Intrpt/sec [CPU]Ctx/sec [CPU]Proc/sec [CPU]ProcQue [CPU]ProcRun [CPU]L-Avg1 [CPU]L-Avg5 [CPU]L-Avg15 [CPU]RunTot [CPU]BlkTot
20171205 18:07:11 0 0 3 0 0 0 0 97 3 61425 149 0 432 1 1.08 0.93 1.44 2 0
20171205 18:07:12 0 0 3 0 0 0 0 97 3 56309 135 0 432 2 1.08 0.93 1.44 1 0
20171205 18:07:13 0 0 3 0 0 0 0 97 3 52338 154 0 432 2 1.08 0.93 1.44 1 0
20171205 18:07:14 0 0 3 0 0 0 0 97 3 51146 63 0 432 2 1.07 0.94 1.44 2 0
20171205 18:07:15 0 0 3 0 0 0 0 97 3 50146 99 0 432 2 1.07 0.94 1.44 1 0
20171205 18:07:16 0 0 3 0 0 0 0 97 3 52259 147 0 432 2 1.07 0.94 1.44 1 0
20171205 18:07:17 0 0 3 0 0 0 0 97 3 52602 106 0 432 2 1.07 0.94 1.44 1 0
20171205 18:07:18 0 0 3 0 0 0 0 97 3 52461 108 0 432 2 1.07 0.94 1.44 1 0
20171205 18:07:19 0 0 3 0 0 0 0 97 3 52805 97 0 432 2 1.14 0.95 1.45 1 0
20171205 18:07:20 0 0 3 0 0 0 0 97 3 50446 106 0 432 2 1.14 0.95 1.45 1 0
20171205 18:07:21 0 0 3 0 0 0 0 97 3 52048 134 0 432 2 1.14 0.95 1.45 2 0
20171205 18:07:22 0 0 3 0 0 0 0 97 3 60245 116 0 432 2 1.14 0.95 1.45 1 0
20171205 18:07:23 0 0 3 0 0 0 0 97 3 62046 52 0 432 2 1.14 0.95 1.45 1 0
20171205 18:07:24 0 0 3 0 0 0 0 97 3 63414 147 0 432 2 1.13 0.95 1.44 1 0
20171205 18:07:25 0 0 3 0 0 0 0 97 3 63345 125 0 432 2 1.13 0.95 1.44 1 0
20171205 18:07:26 0 0 3 0 0 0 0 97 3 64190 59 0 432 2 1.13 0.95 1.44 1 0
20171205 18:07:27 0 0 3 0 0 0 0 97 3 63626 103 0 432 2 1.13 0.95 1.44 1 0
20171205 18:07:28 0 0 3 0 0 0 0 97 3 63383 145 0 432 2 1.13 0.95 1.44 1 0
20171205 18:07:29 0 0 3 0 0 0 0 97 3 63551 100 0 432 2 1.12 0.95 1.44 1 0
20171205 18:07:30 0 0 3 0 0 0 0 97 3 63001 94 0 432 2 1.12 0.95 1.44 1 0
################################################################################
# Collectl:   V3.6.9-1  HiRes: 1  Options: -P -f results/multiserv_blocking/tcp_collect_1serv_2.dat -sc -c20 
# Host:       server-0  DaemonOpts: 
# Booted:     1512503082.45 [20171205-12:44:42]
# Distro:     debian jessie/sid, Ubuntu 14.04.1 LTS  Platform: 
# Date:       20171205-180948  Secs: 1512522588 TZ: -0700
# SubSys:     c Options:  Interval: 1 NumCPUs: 32  NumBud: 0 Flags: i
# Filters:    NfsFilt:  EnvFilt:  TcpFilt: ituc
# HZ:         100  Arch: x86_64-linux-gnu-thread-multi PageSize: 4096
# Cpu:        GenuineIntel Speed(MHz): 2199.956 Cores: 8  Siblings: 8 Nodes: 4
# Kernel:     3.13.0-100-generic  Memory: 131822812 kB  Swap: 3145724 kB
# NumDisks:   7 DiskNames: sdb sdc sdd sde sdf sdg sda
# NumNets:    9 NetNames: eth0:1000 eth1:?? eth2:?? eth3:?? eth4:10000 eth5:10000 eth6:10000 eth7:?? lo:??
# SCSI:       DA:0:00:00:00 DA:0:00:01:00 DA:0:00:02:00 DA:0:00:03:00 DA:0:00:04:00 DA:0:00:05:00 DA:0:00:06:00 ??:0:00:32:00
################################################################################
#Date Time [CPU]User% [CPU]Nice% [CPU]Sys% [CPU]Wait% [CPU]Irq% [CPU]Soft% [CPU]Steal% [CPU]Idle% [CPU]Totl% [CPU]Intrpt/sec [CPU]Ctx/sec [CPU]Proc/sec [CPU]ProcQue [CPU]ProcRun [CPU]L-Avg1 [CPU]L-Avg5 [CPU]L-Avg15 [CPU]RunTot [CPU]BlkTot
20171205 18:09:50 0 0 3 0 0 0 0 97 3 50816 151 0 432 3 0.92 0.92 1.36 1 0
20171205 18:09:51 0 0 3 0 0 0 0 97 3 51783 73 0 432 2 0.92 0.92 1.36 2 0
20171205 18:09:52 0 0 3 0 0 0 0 97 3 52452 169 0 432 3 0.92 0.92 1.36 1 0
20171205 18:09:53 0 0 3 0 0 0 0 97 3 52691 134 0 432 3 0.92 0.92 1.36 1 0
20171205 18:09:54 0 0 3 0 0 0 0 97 3 53524 84 0 432 2 0.93 0.92 1.36 1 0
20171205 18:09:55 0 0 3 0 0 0 0 97 3 57538 80 0 432 2 0.93 0.92 1.36 1 0
20171205 18:09:56 0 0 3 0 0 0 0 97 3 56441 205 1 432 2 0.93 0.92 1.36 1 0
20171205 18:09:57 0 0 3 0 0 0 0 97 3 55929 102 0 432 2 0.93 0.92 1.36 1 0
20171205 18:09:58 0 0 3 0 0 0 0 97 3 56103 92 0 432 2 0.93 0.92 1.36 1 0
20171205 18:09:59 0 0 3 0 0 0 0 97 3 56979 84 0 432 2 0.93 0.93 1.36 1 0
20171205 18:10:00 0 0 3 0 0 0 0 97 3 56988 101 0 432 2 0.93 0.93 1.36 1 0
20171205 18:10:01 0 0 3 0 0 0 0 97 3 55815 158 0 432 2 0.93 0.93 1.36 2 0
20171205 18:10:02 0 0 3 0 0 0 0 97 3 55700 122 0 432 2 0.93 0.93 1.36 1 0
20171205 18:10:03 0 0 3 0 0 0 0 97 3 56824 48 0 432 2 0.93 0.93 1.36 1 0
20171205 18:10:04 0 0 3 0 0 0 0 97 3 57252 132 0 432 2 0.94 0.93 1.35 1 0
20171205 18:10:05 0 0 3 0 0 0 0 97 3 55159 124 0 432 2 0.94 0.93 1.35 1 0
20171205 18:10:06 0 0 3 0 0 0 0 97 3 54161 54 0 432 2 0.94 0.93 1.35 1 0
20171205 18:10:07 0 0 3 0 0 0 0 97 3 53175 90 0 432 2 0.94 0.93 1.35 1 0
20171205 18:10:08 0 0 3 0 0 0 0 97 3 55185 140 0 432 2 0.94 0.93 1.35 1 0
20171205 18:10:09 0 0 3 0 0 0 0 97 3 54857 89 0 432 2 0.94 0.93 1.35 1 0
################################################################################
# Collectl:   V3.6.9-1  HiRes: 1  Options: -P -f results/multiserv_blocking/tcp_collect_1serv_2.dat -sc -c20 
# Host:       server-0  DaemonOpts: 
# Booted:     1512503082.51 [20171205-12:44:42]
# Distro:     debian jessie/sid, Ubuntu 14.04.1 LTS  Platform: 
# Date:       20171205-181310  Secs: 1512522790 TZ: -0700
# SubSys:     c Options:  Interval: 1 NumCPUs: 32  NumBud: 0 Flags: i
# Filters:    NfsFilt:  EnvFilt:  TcpFilt: ituc
# HZ:         100  Arch: x86_64-linux-gnu-thread-multi PageSize: 4096
# Cpu:        GenuineIntel Speed(MHz): 2199.956 Cores: 8  Siblings: 8 Nodes: 4
# Kernel:     3.13.0-100-generic  Memory: 131822812 kB  Swap: 3145724 kB
# NumDisks:   7 DiskNames: sdb sdc sdd sde sdf sdg sda
# NumNets:    9 NetNames: eth0:1000 eth1:?? eth2:?? eth3:?? eth4:10000 eth5:10000 eth6:10000 eth7:?? lo:??
# SCSI:       DA:0:00:00:00 DA:0:00:01:00 DA:0:00:02:00 DA:0:00:03:00 DA:0:00:04:00 DA:0:00:05:00 DA:0:00:06:00 ??:0:00:32:00
################################################################################
#Date Time [CPU]User% [CPU]Nice% [CPU]Sys% [CPU]Wait% [CPU]Irq% [CPU]Soft% [CPU]Steal% [CPU]Idle% [CPU]Totl% [CPU]Intrpt/sec [CPU]Ctx/sec [CPU]Proc/sec [CPU]ProcQue [CPU]ProcRun [CPU]L-Avg1 [CPU]L-Avg5 [CPU]L-Avg15 [CPU]RunTot [CPU]BlkTot
20171205 18:13:12 0 0 3 0 0 0 0 97 3 110596 563 0 432 1 0.97 0.93 1.28 1 0
20171205 18:13:13 0 0 3 0 0 0 0 97 3 69483 107 0 432 2 0.97 0.93 1.28 1 0
20171205 18:13:14 0 0 3 0 0 0 0 97 3 55094 119 0 432 2 0.90 0.91 1.27 1 0
20171205 18:13:15 0 0 3 0 0 0 0 97 3 54926 100 0 432 2 0.90 0.91 1.27 1 0
20171205 18:13:16 0 0 3 0 0 0 0 97 3 54147 122 0 432 2 0.90 0.91 1.27 1 0
20171205 18:13:17 0 0 3 0 0 0 0 97 3 53918 135 0 432 2 0.90 0.91 1.27 1 0
20171205 18:13:18 0 0 3 0 0 0 0 97 3 53794 106 0 432 2 0.90 0.91 1.27 1 0
20171205 18:13:19 0 0 3 0 0 0 0 97 3 53030 51 0 432 2 0.90 0.92 1.27 1 0
20171205 18:13:20 0 0 3 0 0 0 0 97 3 53483 152 0 432 2 0.90 0.92 1.27 1 0
20171205 18:13:21 0 0 3 0 0 0 0 97 3 53658 210 0 432 2 0.90 0.92 1.27 3 0
20171205 18:13:22 0 0 3 0 0 0 0 97 3 54253 89 0 432 2 0.90 0.92 1.27 1 0
20171205 18:13:23 0 0 3 0 0 0 0 97 3 54277 95 0 432 2 0.90 0.92 1.27 1 0
20171205 18:13:24 0 0 3 0 0 0 0 97 3 52701 113 0 432 2 0.91 0.92 1.27 1 0
20171205 18:13:25 0 0 3 0 0 0 0 97 3 52890 134 0 432 2 0.91 0.92 1.27 1 0
20171205 18:13:26 0 0 3 0 0 0 0 97 3 53575 114 0 432 2 0.91 0.92 1.27 1 0
20171205 18:13:27 0 0 3 0 0 0 0 97 3 52692 50 0 432 2 0.91 0.92 1.27 1 0
20171205 18:13:28 0 0 3 0 0 0 0 97 3 52062 154 0 432 2 0.91 0.92 1.27 1 0
20171205 18:13:29 0 0 3 0 0 0 0 97 3 52700 130 0 432 2 0.92 0.92 1.27 1 0
20171205 18:13:30 0 0 3 0 0 0 0 97 3 52807 67 0 432 2 0.92 0.92 1.27 1 0
20171205 18:13:31 0 0 3 0 0 0 0 97 3 51934 96 0 432 2 0.92 0.92 1.27 2 0
################################################################################
# Collectl:   V3.6.9-1  HiRes: 1  Options: -P -f results/multiserv_blocking/tcp_collect_1serv_2.dat -sc -c20 
# Host:       server-0  DaemonOpts: 
# Booted:     1512503082.47 [20171205-12:44:42]
# Distro:     debian jessie/sid, Ubuntu 14.04.1 LTS  Platform: 
# Date:       20171205-181800  Secs: 1512523080 TZ: -0700
# SubSys:     c Options:  Interval: 1 NumCPUs: 32  NumBud: 0 Flags: i
# Filters:    NfsFilt:  EnvFilt:  TcpFilt: ituc
# HZ:         100  Arch: x86_64-linux-gnu-thread-multi PageSize: 4096
# Cpu:        GenuineIntel Speed(MHz): 2199.956 Cores: 8  Siblings: 8 Nodes: 4
# Kernel:     3.13.0-100-generic  Memory: 131822812 kB  Swap: 3145724 kB
# NumDisks:   7 DiskNames: sdb sdc sdd sde sdf sdg sda
# NumNets:    9 NetNames: eth0:1000 eth1:?? eth2:?? eth3:?? eth4:10000 eth5:10000 eth6:10000 eth7:?? lo:??
# SCSI:       DA:0:00:00:00 DA:0:00:01:00 DA:0:00:02:00 DA:0:00:03:00 DA:0:00:04:00 DA:0:00:05:00 DA:0:00:06:00 ??:0:00:32:00
################################################################################
#Date Time [CPU]User% [CPU]Nice% [CPU]Sys% [CPU]Wait% [CPU]Irq% [CPU]Soft% [CPU]Steal% [CPU]Idle% [CPU]Totl% [CPU]Intrpt/sec [CPU]Ctx/sec [CPU]Proc/sec [CPU]ProcQue [CPU]ProcRun [CPU]L-Avg1 [CPU]L-Avg5 [CPU]L-Avg15 [CPU]RunTot [CPU]BlkTot
20171205 18:18:02 0 0 3 0 0 0 0 97 3 54909 288 0 432 2 0.98 0.96 1.19 1 0
20171205 18:18:03 0 0 3 0 0 0 0 97 3 54310 341 0 432 2 0.98 0.96 1.19 1 0
20171205 18:18:04 0 0 3 0 0 0 0 97 3 54750 354 0 432 2 0.98 0.96 1.19 1 0
20171205 18:18:05 0 0 3 0 0 0 0 97 3 54785 324 0 432 2 0.98 0.96 1.19 1 0
20171205 18:18:06 0 0 3 0 0 0 0 97 3 55086 342 0 432 2 0.98 0.96 1.19 1 0
20171205 18:18:07 0 0 3 0 0 0 0 97 3 53652 303 0 432 2 0.98 0.96 1.19 1 0
20171205 18:18:08 0 0 3 0 0 0 0 97 3 54347 295 0 432 2 0.98 0.96 1.19 1 0
20171205 18:18:09 0 0 3 0 0 0 0 97 3 54706 360 0 432 2 0.98 0.96 1.19 1 0
20171205 18:18:10 0 0 3 0 0 0 0 97 3 54704 346 0 432 2 0.99 0.96 1.19 1 0
20171205 18:18:11 0 0 3 0 0 0 0 97 3 54011 271 0 432 1 0.99 0.96 1.19 2 0
20171205 18:18:12 0 0 3 0 0 0 0 97 3 54053 340 0 432 2 0.99 0.96 1.19 1 0
20171205 18:18:13 0 0 3 0 0 0 0 97 3 54321 352 0 432 2 0.99 0.96 1.19 1 0
20171205 18:18:14 0 0 3 0 0 0 0 97 3 54253 297 0 432 2 0.99 0.96 1.19 1 0
20171205 18:18:15 0 0 3 0 0 0 0 97 3 54053 338 0 432 2 0.99 0.96 1.19 1 0
20171205 18:18:16 0 0 3 0 0 0 0 97 3 54363 324 0 432 2 0.99 0.96 1.19 2 0
20171205 18:18:17 0 0 3 0 0 0 0 97 3 54229 319 0 432 2 0.99 0.96 1.19 1 0
20171205 18:18:18 0 0 3 0 0 0 0 97 3 54343 285 0 432 2 0.99 0.96 1.19 1 0
20171205 18:18:19 0 0 3 0 0 0 0 97 3 54175 297 0 432 2 0.99 0.96 1.19 1 0
20171205 18:18:20 0 0 3 0 0 0 0 97 3 54077 360 0 432 2 0.99 0.96 1.19 1 0
20171205 18:18:21 0 0 3 0 0 0 0 97 3 54587 327 0 432 1 0.99 0.96 1.19 2 0
################################################################################
# Collectl:   V3.6.9-1  HiRes: 1  Options: -P -f results/multiserv_blocking/tcp_collect_1serv_2.dat -sc -c20 
# Host:       server-0  DaemonOpts: 
# Booted:     1512503082.51 [20171205-12:44:42]
# Distro:     debian jessie/sid, Ubuntu 14.04.1 LTS  Platform: 
# Date:       20171205-182541  Secs: 1512523541 TZ: -0700
# SubSys:     c Options:  Interval: 1 NumCPUs: 32  NumBud: 0 Flags: i
# Filters:    NfsFilt:  EnvFilt:  TcpFilt: ituc
# HZ:         100  Arch: x86_64-linux-gnu-thread-multi PageSize: 4096
# Cpu:        GenuineIntel Speed(MHz): 2199.956 Cores: 8  Siblings: 8 Nodes: 4
# Kernel:     3.13.0-100-generic  Memory: 131822812 kB  Swap: 3145724 kB
# NumDisks:   7 DiskNames: sdb sdc sdd sde sdf sdg sda
# NumNets:    9 NetNames: eth0:1000 eth1:?? eth2:?? eth3:?? eth4:10000 eth5:10000 eth6:10000 eth7:?? lo:??
# SCSI:       DA:0:00:00:00 DA:0:00:01:00 DA:0:00:02:00 DA:0:00:03:00 DA:0:00:04:00 DA:0:00:05:00 DA:0:00:06:00 ??:0:00:32:00
################################################################################
#Date Time [CPU]User% [CPU]Nice% [CPU]Sys% [CPU]Wait% [CPU]Irq% [CPU]Soft% [CPU]Steal% [CPU]Idle% [CPU]Totl% [CPU]Intrpt/sec [CPU]Ctx/sec [CPU]Proc/sec [CPU]ProcQue [CPU]ProcRun [CPU]L-Avg1 [CPU]L-Avg5 [CPU]L-Avg15 [CPU]RunTot [CPU]BlkTot
20171205 18:25:43 0 0 3 0 0 0 0 97 3 74981 85 0 432 1 1.09 1.02 1.13 1 0
20171205 18:25:44 0 0 3 0 0 0 0 97 3 68712 172 0 432 1 1.09 1.02 1.13 1 0
20171205 18:25:45 0 0 3 0 0 0 0 97 3 67422 144 0 432 2 1.16 1.03 1.13 1 0
20171205 18:25:46 0 0 3 0 0 0 0 97 3 66565 65 0 432 2 1.16 1.03 1.13 1 0
20171205 18:25:47 0 0 3 0 0 0 0 97 3 67089 103 0 432 2 1.16 1.03 1.13 1 0
20171205 18:25:48 0 0 3 0 0 0 0 97 3 68092 147 0 432 1 1.16 1.03 1.13 1 0
20171205 18:25:49 0 0 3 0 0 0 0 97 3 68329 80 0 432 2 1.16 1.03 1.13 1 0
20171205 18:25:50 0 0 3 0 0 0 0 97 3 66977 95 0 432 2 1.15 1.03 1.13 1 0
20171205 18:25:51 0 0 3 0 0 0 0 97 3 67248 95 0 432 1 1.15 1.03 1.13 3 0
20171205 18:25:52 0 0 3 0 0 0 0 97 3 59639 125 0 432 2 1.15 1.03 1.13 1 0
20171205 18:25:53 0 0 3 0 0 0 0 97 3 59871 133 0 432 2 1.15 1.03 1.13 1 0
20171205 18:25:54 0 0 3 0 0 0 0 97 3 58393 59 0 432 2 1.15 1.03 1.13 1 0
20171205 18:25:55 0 0 3 0 0 0 0 97 3 59099 107 0 432 2 1.14 1.03 1.13 1 0
20171205 18:25:56 0 0 3 0 0 0 0 97 3 58993 148 0 432 2 1.14 1.03 1.13 1 0
20171205 18:25:57 0 0 3 0 0 0 0 97 3 57275 114 0 432 2 1.14 1.03 1.13 1 0
20171205 18:25:58 0 0 3 0 0 0 0 97 3 59116 87 0 432 2 1.14 1.03 1.13 1 0
20171205 18:25:59 0 0 3 0 0 0 0 97 3 59228 98 0 432 1 1.14 1.03 1.13 1 0
20171205 18:26:00 0 0 3 0 0 0 0 97 3 57856 110 0 432 1 1.13 1.03 1.13 1 0
20171205 18:26:01 0 0 3 0 0 0 0 97 3 58912 157 0 432 1 1.13 1.03 1.13 2 0
20171205 18:26:02 0 0 3 0 0 0 0 97 3 68771 114 0 432 2 1.13 1.03 1.13 1 0
################################################################################
# Collectl:   V3.6.9-1  HiRes: 1  Options: -P -f results/multiserv_blocking/tcp_collect_1serv_2.dat -sc -c20 
# Host:       server-0  DaemonOpts: 
# Booted:     1512503082.61 [20171205-12:44:42]
# Distro:     debian jessie/sid, Ubuntu 14.04.1 LTS  Platform: 
# Date:       20171205-183906  Secs: 1512524346 TZ: -0700
# SubSys:     c Options:  Interval: 1 NumCPUs: 32  NumBud: 0 Flags: i
# Filters:    NfsFilt:  EnvFilt:  TcpFilt: ituc
# HZ:         100  Arch: x86_64-linux-gnu-thread-multi PageSize: 4096
# Cpu:        GenuineIntel Speed(MHz): 2199.956 Cores: 8  Siblings: 8 Nodes: 4
# Kernel:     3.13.0-100-generic  Memory: 131822812 kB  Swap: 3145724 kB
# NumDisks:   7 DiskNames: sdb sdc sdd sde sdf sdg sda
# NumNets:    9 NetNames: eth0:1000 eth1:?? eth2:?? eth3:?? eth4:10000 eth5:10000 eth6:10000 eth7:?? lo:??
# SCSI:       DA:0:00:00:00 DA:0:00:01:00 DA:0:00:02:00 DA:0:00:03:00 DA:0:00:04:00 DA:0:00:05:00 DA:0:00:06:00 ??:0:00:32:00
################################################################################
#Date Time [CPU]User% [CPU]Nice% [CPU]Sys% [CPU]Wait% [CPU]Irq% [CPU]Soft% [CPU]Steal% [CPU]Idle% [CPU]Totl% [CPU]Intrpt/sec [CPU]Ctx/sec [CPU]Proc/sec [CPU]ProcQue [CPU]ProcRun [CPU]L-Avg1 [CPU]L-Avg5 [CPU]L-Avg15 [CPU]RunTot [CPU]BlkTot
20171205 18:39:08 0 0 3 0 0 0 0 97 3 99416 186 0 433 1 1.06 1.03 1.06 1 0
20171205 18:39:09 0 0 3 0 0 0 0 97 3 85520 147 0 433 2 1.06 1.03 1.06 1 0
20171205 18:39:10 0 0 3 0 0 0 0 97 3 81174 60 0 433 2 1.06 1.03 1.06 1 0
20171205 18:39:11 0 0 3 0 0 0 0 97 3 142767 159 0 433 1 1.06 1.03 1.06 2 0
20171205 18:39:12 0 0 3 0 0 0 0 96 4 144394 236 0 433 2 1.06 1.03 1.06 1 0
20171205 18:39:13 0 0 3 0 0 0 0 97 3 118865 153 0 433 2 1.06 1.03 1.06 1 0
20171205 18:39:14 0 0 3 0 0 0 0 96 4 107616 182 0 433 2 1.06 1.03 1.06 1 0
20171205 18:39:15 0 0 3 0 0 0 0 96 4 98157 168 0 433 1 1.06 1.03 1.06 1 0
20171205 18:39:16 0 0 3 0 0 0 0 97 3 85209 142 0 433 2 1.05 1.03 1.06 1 0
20171205 18:39:17 0 0 3 0 0 0 0 96 4 78560 180 0 433 2 1.05 1.03 1.06 1 0
20171205 18:39:18 0 0 3 0 0 0 0 97 3 73613 133 0 433 3 1.05 1.03 1.06 1 0
20171205 18:39:19 0 0 3 0 0 0 0 97 3 73545 69 0 433 2 1.05 1.03 1.06 1 0
20171205 18:39:20 0 0 3 0 0 0 0 97 3 129593 213 0 433 2 1.05 1.03 1.06 1 0
20171205 18:39:21 0 0 3 0 0 0 0 97 3 144925 206 0 433 1 1.05 1.03 1.06 3 0
20171205 18:39:22 0 0 3 0 0 0 0 96 4 139422 170 0 433 2 1.05 1.03 1.06 1 0
20171205 18:39:23 0 0 3 0 0 0 0 97 3 104706 117 0 433 2 1.05 1.03 1.06 1 0
20171205 18:39:24 0 0 3 0 0 0 0 97 3 89685 148 0 433 2 1.05 1.03 1.06 1 0
20171205 18:39:25 0 0 3 0 0 0 0 97 3 82769 149 0 433 2 1.05 1.03 1.06 1 0
20171205 18:39:26 0 0 3 0 0 0 0 97 3 77025 104 0 433 2 1.04 1.03 1.06 1 0
20171205 18:39:27 0 0 3 0 0 0 0 97 3 74068 83 0 433 2 1.04 1.03 1.06 1 0
