################################################################################
# Collectl:   V3.6.9-1  HiRes: 1  Options: -P -f results/multiserv_blocking/tcp_collect_1serv_1.dat -sc -c20 
# Host:       server-0  DaemonOpts: 
# Booted:     1512503082.46 [20171205-12:44:42]
# Distro:     debian jessie/sid, Ubuntu 14.04.1 LTS  Platform: 
# Date:       20171205-174815  Secs: 1512521295 TZ: -0700
# SubSys:     c Options:  Interval: 1 NumCPUs: 32  NumBud: 0 Flags: i
# Filters:    NfsFilt:  EnvFilt:  TcpFilt: ituc
# HZ:         100  Arch: x86_64-linux-gnu-thread-multi PageSize: 4096
# Cpu:        GenuineIntel Speed(MHz): 2199.956 Cores: 8  Siblings: 8 Nodes: 4
# Kernel:     3.13.0-100-generic  Memory: 131822812 kB  Swap: 3145724 kB
# NumDisks:   7 DiskNames: sdb sdc sdd sde sdf sdg sda
# NumNets:    9 NetNames: eth0:1000 eth1:?? eth2:?? eth3:?? eth4:10000 eth5:10000 eth6:10000 eth7:?? lo:??
# SCSI:       DA:0:00:00:00 DA:0:00:01:00 DA:0:00:02:00 DA:0:00:03:00 DA:0:00:04:00 DA:0:00:05:00 DA:0:00:06:00 ??:0:00:32:00
################################################################################
#Date Time [CPU]User% [CPU]Nice% [CPU]Sys% [CPU]Wait% [CPU]Irq% [CPU]Soft% [CPU]Steal% [CPU]Idle% [CPU]Totl% [CPU]Intrpt/sec [CPU]Ctx/sec [CPU]Proc/sec [CPU]ProcQue [CPU]ProcRun [CPU]L-Avg1 [CPU]L-Avg5 [CPU]L-Avg15 [CPU]RunTot [CPU]BlkTot
20171205 17:48:17 0 0 1 0 0 0 0 99 1 51055 33664 0 432 1 0.48 1.13 2.98 1 0
20171205 17:48:18 0 0 1 0 0 0 0 98 2 50943 33497 0 432 2 0.44 1.12 2.96 0 0
20171205 17:48:19 0 0 1 0 0 0 0 99 1 51489 32973 0 432 1 0.44 1.12 2.96 1 0
20171205 17:48:20 0 0 1 0 0 0 0 99 1 50916 35253 0 432 1 0.44 1.12 2.96 0 0
20171205 17:48:21 0 0 1 0 0 0 0 99 1 57028 31033 0 432 2 0.44 1.12 2.96 2 0
20171205 17:48:22 0 0 2 0 0 0 0 98 2 60016 28766 0 432 2 0.44 1.12 2.96 0 0
20171205 17:48:23 0 0 1 0 0 0 0 99 1 51452 33280 0 432 2 0.40 1.10 2.95 1 0
20171205 17:48:24 0 0 1 0 0 0 0 98 2 57671 27988 0 432 0 0.40 1.10 2.95 0 0
20171205 17:48:25 0 0 1 0 0 0 0 98 2 58094 28304 0 432 0 0.40 1.10 2.95 0 0
20171205 17:48:26 0 0 1 0 0 0 0 99 1 51830 33474 0 432 1 0.40 1.10 2.95 1 0
20171205 17:48:27 0 0 1 0 0 0 0 99 1 57028 28787 0 432 1 0.40 1.10 2.95 1 0
20171205 17:48:28 0 0 1 0 0 0 0 99 1 55016 30221 0 432 0 0.37 1.08 2.93 1 0
20171205 17:48:29 0 0 1 0 0 0 0 99 1 53455 31761 0 432 1 0.37 1.08 2.93 1 0
20171205 17:48:30 0 0 1 0 0 0 0 98 2 53469 31964 0 432 1 0.37 1.08 2.93 0 0
20171205 17:48:31 0 0 1 0 0 0 0 99 1 54918 30659 0 432 1 0.37 1.08 2.93 2 0
20171205 17:48:32 0 0 1 0 0 0 0 99 1 50286 33077 0 432 1 0.37 1.08 2.93 0 0
20171205 17:48:33 0 0 1 0 0 0 0 99 1 50386 33270 0 432 2 0.34 1.06 2.92 0 0
20171205 17:48:34 0 0 1 0 0 0 0 99 1 50527 32560 0 432 1 0.34 1.06 2.92 1 0
20171205 17:48:35 0 0 1 0 0 0 0 99 1 50631 32701 0 432 1 0.34 1.06 2.92 0 0
20171205 17:48:36 0 0 1 0 0 0 0 99 1 51210 32621 0 432 0 0.34 1.06 2.92 0 0
################################################################################
# Collectl:   V3.6.9-1  HiRes: 1  Options: -P -f results/multiserv_blocking/tcp_collect_1serv_1.dat -sc -c20 
# Host:       server-0  DaemonOpts: 
# Booted:     1512503082.61 [20171205-12:44:42]
# Distro:     debian jessie/sid, Ubuntu 14.04.1 LTS  Platform: 
# Date:       20171205-175013  Secs: 1512521413 TZ: -0700
# SubSys:     c Options:  Interval: 1 NumCPUs: 32  NumBud: 0 Flags: i
# Filters:    NfsFilt:  EnvFilt:  TcpFilt: ituc
# HZ:         100  Arch: x86_64-linux-gnu-thread-multi PageSize: 4096
# Cpu:        GenuineIntel Speed(MHz): 2199.956 Cores: 8  Siblings: 8 Nodes: 4
# Kernel:     3.13.0-100-generic  Memory: 131822812 kB  Swap: 3145724 kB
# NumDisks:   7 DiskNames: sdb sdc sdd sde sdf sdg sda
# NumNets:    9 NetNames: eth0:1000 eth1:?? eth2:?? eth3:?? eth4:10000 eth5:10000 eth6:10000 eth7:?? lo:??
# SCSI:       DA:0:00:00:00 DA:0:00:01:00 DA:0:00:02:00 DA:0:00:03:00 DA:0:00:04:00 DA:0:00:05:00 DA:0:00:06:00 ??:0:00:32:00
################################################################################
#Date Time [CPU]User% [CPU]Nice% [CPU]Sys% [CPU]Wait% [CPU]Irq% [CPU]Soft% [CPU]Steal% [CPU]Idle% [CPU]Totl% [CPU]Intrpt/sec [CPU]Ctx/sec [CPU]Proc/sec [CPU]ProcQue [CPU]ProcRun [CPU]L-Avg1 [CPU]L-Avg5 [CPU]L-Avg15 [CPU]RunTot [CPU]BlkTot
20171205 17:50:15 0 0 1 0 0 0 0 99 1 49200 36985 0 432 2 0.21 0.81 2.64 1 0
20171205 17:50:16 0 0 1 0 0 0 0 99 1 49069 38603 0 432 1 0.21 0.81 2.64 1 0
20171205 17:50:17 0 0 1 0 0 0 0 98 2 49070 38062 0 432 2 0.21 0.81 2.64 0 0
20171205 17:50:18 0 0 1 0 0 0 0 99 1 54406 30246 0 432 1 0.27 0.82 2.63 1 0
20171205 17:50:19 0 0 1 0 0 0 0 99 1 54480 30383 0 432 1 0.27 0.82 2.63 0 0
20171205 17:50:20 0 0 1 0 0 0 0 98 2 53965 31626 0 432 1 0.27 0.82 2.63 1 0
20171205 17:50:21 0 0 1 0 0 0 0 99 1 54773 29864 0 432 0 0.27 0.82 2.63 2 0
20171205 17:50:22 0 0 1 0 0 0 0 98 2 49509 39658 0 432 0 0.27 0.82 2.63 0 0
20171205 17:50:23 0 0 1 0 0 0 0 99 1 49676 37616 0 432 1 0.25 0.80 2.62 0 0
20171205 17:50:24 0 0 1 0 0 0 0 98 2 49885 39359 0 432 1 0.25 0.80 2.62 0 0
20171205 17:50:25 0 0 1 0 0 0 0 98 2 50009 38366 0 432 1 0.25 0.80 2.62 0 0
20171205 17:50:26 0 0 1 0 0 0 0 99 1 49676 38679 0 432 2 0.25 0.80 2.62 0 0
20171205 17:50:27 0 0 1 0 0 0 0 99 1 50492 37771 0 432 1 0.25 0.80 2.62 0 0
20171205 17:50:28 0 0 1 0 0 0 0 99 1 50725 38324 0 432 1 0.31 0.81 2.61 1 0
20171205 17:50:29 0 0 1 0 0 0 0 99 1 54123 38304 0 432 2 0.31 0.81 2.61 0 0
20171205 17:50:30 0 0 1 0 0 0 0 99 1 54356 38279 0 432 0 0.31 0.81 2.61 0 0
20171205 17:50:31 0 0 2 0 0 0 0 98 2 54385 38285 0 432 3 0.31 0.81 2.61 3 0
20171205 17:50:32 0 0 1 0 0 0 0 99 1 50154 31242 0 432 1 0.31 0.81 2.61 0 0
20171205 17:50:33 0 0 1 0 0 0 0 99 1 51154 31507 0 432 2 0.29 0.79 2.59 0 0
20171205 17:50:34 0 0 1 0 0 0 0 98 2 48206 33334 0 432 1 0.29 0.79 2.59 1 0
################################################################################
# Collectl:   V3.6.9-1  HiRes: 1  Options: -P -f results/multiserv_blocking/tcp_collect_1serv_1.dat -sc -c20 
# Host:       server-0  DaemonOpts: 
# Booted:     1512503082.71 [20171205-12:44:42]
# Distro:     debian jessie/sid, Ubuntu 14.04.1 LTS  Platform: 
# Date:       20171205-175211  Secs: 1512521531 TZ: -0700
# SubSys:     c Options:  Interval: 1 NumCPUs: 32  NumBud: 0 Flags: i
# Filters:    NfsFilt:  EnvFilt:  TcpFilt: ituc
# HZ:         100  Arch: x86_64-linux-gnu-thread-multi PageSize: 4096
# Cpu:        GenuineIntel Speed(MHz): 2199.956 Cores: 8  Siblings: 8 Nodes: 4
# Kernel:     3.13.0-100-generic  Memory: 131822812 kB  Swap: 3145724 kB
# NumDisks:   7 DiskNames: sdb sdc sdd sde sdf sdg sda
# NumNets:    9 NetNames: eth0:1000 eth1:?? eth2:?? eth3:?? eth4:10000 eth5:10000 eth6:10000 eth7:?? lo:??
# SCSI:       DA:0:00:00:00 DA:0:00:01:00 DA:0:00:02:00 DA:0:00:03:00 DA:0:00:04:00 DA:0:00:05:00 DA:0:00:06:00 ??:0:00:32:00
################################################################################
#Date Time [CPU]User% [CPU]Nice% [CPU]Sys% [CPU]Wait% [CPU]Irq% [CPU]Soft% [CPU]Steal% [CPU]Idle% [CPU]Totl% [CPU]Intrpt/sec [CPU]Ctx/sec [CPU]Proc/sec [CPU]ProcQue [CPU]ProcRun [CPU]L-Avg1 [CPU]L-Avg5 [CPU]L-Avg15 [CPU]RunTot [CPU]BlkTot
20171205 17:52:13 0 0 2 0 0 0 0 98 2 94380 36855 0 432 2 0.39 0.68 2.37 1 0
20171205 17:52:14 0 0 2 0 0 0 0 98 2 93689 35022 0 432 1 0.39 0.68 2.37 1 0
20171205 17:52:15 0 0 2 0 0 0 0 98 2 91544 34590 0 432 2 0.39 0.68 2.37 1 0
20171205 17:52:16 0 0 2 0 0 0 0 98 2 92303 36147 0 432 2 0.39 0.68 2.37 1 0
20171205 17:52:17 0 0 2 0 0 0 0 98 2 94332 38138 0 432 1 0.39 0.68 2.37 1 0
20171205 17:52:18 0 0 2 0 0 0 0 98 2 92844 34501 0 432 1 0.36 0.67 2.36 1 0
20171205 17:52:19 0 0 2 0 0 0 0 98 2 94285 37978 0 432 1 0.36 0.67 2.36 1 0
20171205 17:52:20 0 0 2 0 0 0 0 98 2 92056 29637 0 432 0 0.36 0.67 2.36 0 0
20171205 17:52:21 0 0 2 0 0 0 0 98 2 91548 31186 0 432 1 0.36 0.67 2.36 1 0
20171205 17:52:22 0 0 2 0 0 0 0 98 2 94336 37637 0 432 1 0.36 0.67 2.36 0 0
20171205 17:52:23 0 0 2 0 0 0 0 98 2 94679 31933 0 432 0 0.41 0.68 2.35 0 0
20171205 17:52:24 0 0 2 0 0 0 0 98 2 93516 30112 0 432 1 0.41 0.68 2.35 1 0
20171205 17:52:25 0 0 2 0 0 0 0 98 2 94759 29879 0 432 0 0.41 0.68 2.35 1 0
20171205 17:52:26 0 0 2 0 0 0 0 98 2 94970 36182 0 432 2 0.41 0.68 2.35 1 0
20171205 17:52:27 0 0 2 0 0 0 0 98 2 95223 35524 0 432 2 0.41 0.68 2.35 1 0
20171205 17:52:28 0 0 2 0 0 0 0 98 2 94441 31689 0 432 1 0.37 0.67 2.34 1 0
20171205 17:52:29 0 0 2 0 0 0 0 98 2 95787 29682 0 432 0 0.37 0.67 2.34 1 0
20171205 17:52:30 0 0 2 0 0 0 0 98 2 95544 29714 0 432 2 0.37 0.67 2.34 1 0
20171205 17:52:31 0 0 2 0 0 0 0 98 2 94388 29654 0 432 1 0.37 0.67 2.34 2 0
20171205 17:52:32 0 0 2 0 0 0 0 98 2 92796 28736 0 432 2 0.37 0.67 2.34 1 0
################################################################################
# Collectl:   V3.6.9-1  HiRes: 1  Options: -P -f results/multiserv_blocking/tcp_collect_1serv_1.dat -sc -c20 
# Host:       server-0  DaemonOpts: 
# Booted:     1512503082.84 [20171205-12:44:42]
# Distro:     debian jessie/sid, Ubuntu 14.04.1 LTS  Platform: 
# Date:       20171205-175409  Secs: 1512521649 TZ: -0700
# SubSys:     c Options:  Interval: 1 NumCPUs: 32  NumBud: 0 Flags: i
# Filters:    NfsFilt:  EnvFilt:  TcpFilt: ituc
# HZ:         100  Arch: x86_64-linux-gnu-thread-multi PageSize: 4096
# Cpu:        GenuineIntel Speed(MHz): 2199.956 Cores: 8  Siblings: 8 Nodes: 4
# Kernel:     3.13.0-100-generic  Memory: 131822812 kB  Swap: 3145724 kB
# NumDisks:   7 DiskNames: sdb sdc sdd sde sdf sdg sda
# NumNets:    9 NetNames: eth0:1000 eth1:?? eth2:?? eth3:?? eth4:10000 eth5:10000 eth6:10000 eth7:?? lo:??
# SCSI:       DA:0:00:00:00 DA:0:00:01:00 DA:0:00:02:00 DA:0:00:03:00 DA:0:00:04:00 DA:0:00:05:00 DA:0:00:06:00 ??:0:00:32:00
################################################################################
#Date Time [CPU]User% [CPU]Nice% [CPU]Sys% [CPU]Wait% [CPU]Irq% [CPU]Soft% [CPU]Steal% [CPU]Idle% [CPU]Totl% [CPU]Intrpt/sec [CPU]Ctx/sec [CPU]Proc/sec [CPU]ProcQue [CPU]ProcRun [CPU]L-Avg1 [CPU]L-Avg5 [CPU]L-Avg15 [CPU]RunTot [CPU]BlkTot
20171205 17:54:11 0 0 3 0 0 0 0 97 3 114703 917 0 433 1 0.68 0.68 2.17 2 0
20171205 17:54:12 0 0 3 0 0 0 0 97 3 115280 813 0 433 3 0.68 0.68 2.17 1 0
20171205 17:54:13 0 0 3 0 0 0 0 97 3 117828 1015 0 433 2 0.68 0.68 2.17 1 0
20171205 17:54:14 0 0 3 0 0 0 0 97 3 112167 542 0 433 1 0.63 0.67 2.16 1 0
20171205 17:54:15 0 0 3 0 0 0 0 97 3 112809 999 0 433 2 0.63 0.67 2.16 1 0
20171205 17:54:16 0 0 3 0 0 0 0 97 3 114590 746 0 433 3 0.63 0.67 2.16 1 0
20171205 17:54:17 0 0 3 0 0 0 0 97 3 119744 1252 0 433 1 0.63 0.67 2.16 1 0
20171205 17:54:18 0 0 3 0 0 0 0 97 3 112313 568 0 433 1 0.63 0.67 2.16 1 0
20171205 17:54:19 0 0 3 0 0 0 0 97 3 118320 935 0 433 2 0.66 0.67 2.15 1 0
20171205 17:54:20 0 0 3 0 0 0 0 97 3 115720 962 0 433 2 0.66 0.67 2.15 1 0
20171205 17:54:21 0 0 3 0 0 0 0 97 3 116694 861 0 433 1 0.66 0.67 2.15 2 0
20171205 17:54:22 0 0 3 0 0 0 0 97 3 118220 1285 0 433 1 0.66 0.67 2.15 1 0
20171205 17:54:23 0 0 3 0 0 0 0 97 3 119730 1187 0 433 2 0.66 0.67 2.15 1 0
20171205 17:54:24 0 0 3 0 0 0 0 97 3 118999 985 0 433 3 0.68 0.68 2.14 1 0
20171205 17:54:25 0 0 3 0 0 0 0 97 3 119715 1523 0 433 2 0.68 0.68 2.14 1 0
20171205 17:54:26 0 0 3 0 0 0 0 97 3 120981 1693 0 433 2 0.68 0.68 2.14 2 0
20171205 17:54:27 0 0 3 0 0 0 0 97 3 120846 1655 0 433 1 0.68 0.68 2.14 1 0
20171205 17:54:28 0 0 3 0 0 0 0 97 3 120943 1580 0 433 2 0.68 0.68 2.14 1 0
20171205 17:54:29 0 0 3 0 0 0 0 97 3 119416 1419 0 433 1 0.71 0.68 2.14 1 0
20171205 17:54:30 0 0 3 0 0 0 0 97 3 118117 1493 0 433 2 0.71 0.68 2.14 1 0
################################################################################
# Collectl:   V3.6.9-1  HiRes: 1  Options: -P -f results/multiserv_blocking/tcp_collect_1serv_1.dat -sc -c20 
# Host:       server-0  DaemonOpts: 
# Booted:     1512503082.53 [20171205-12:44:42]
# Distro:     debian jessie/sid, Ubuntu 14.04.1 LTS  Platform: 
# Date:       20171205-175607  Secs: 1512521767 TZ: -0700
# SubSys:     c Options:  Interval: 1 NumCPUs: 32  NumBud: 0 Flags: i
# Filters:    NfsFilt:  EnvFilt:  TcpFilt: ituc
# HZ:         100  Arch: x86_64-linux-gnu-thread-multi PageSize: 4096
# Cpu:        GenuineIntel Speed(MHz): 2199.956 Cores: 8  Siblings: 8 Nodes: 4
# Kernel:     3.13.0-100-generic  Memory: 131822812 kB  Swap: 3145724 kB
# NumDisks:   7 DiskNames: sdb sdc sdd sde sdf sdg sda
# NumNets:    9 NetNames: eth0:1000 eth1:?? eth2:?? eth3:?? eth4:10000 eth5:10000 eth6:10000 eth7:?? lo:??
# SCSI:       DA:0:00:00:00 DA:0:00:01:00 DA:0:00:02:00 DA:0:00:03:00 DA:0:00:04:00 DA:0:00:05:00 DA:0:00:06:00 ??:0:00:32:00
################################################################################
#Date Time [CPU]User% [CPU]Nice% [CPU]Sys% [CPU]Wait% [CPU]Irq% [CPU]Soft% [CPU]Steal% [CPU]Idle% [CPU]Totl% [CPU]Intrpt/sec [CPU]Ctx/sec [CPU]Proc/sec [CPU]ProcQue [CPU]ProcRun [CPU]L-Avg1 [CPU]L-Avg5 [CPU]L-Avg15 [CPU]RunTot [CPU]BlkTot
20171205 17:56:09 0 0 3 0 0 0 0 97 3 83001 501 0 433 2 0.77 0.70 2.00 1 0
20171205 17:56:10 0 0 3 0 0 0 0 97 3 97584 118 0 433 2 0.77 0.70 2.00 1 0
20171205 17:56:11 0 0 3 0 0 0 0 97 3 103278 208 0 433 1 0.77 0.70 2.00 2 0
20171205 17:56:12 0 0 3 0 0 0 0 97 3 91921 175 0 433 1 0.77 0.70 2.00 1 0
20171205 17:56:13 0 0 3 0 0 0 0 97 3 87778 117 0 433 2 0.77 0.70 2.00 1 0
20171205 17:56:14 0 0 3 0 0 0 0 97 3 85719 104 0 433 2 0.79 0.71 1.99 1 0
20171205 17:56:15 0 0 3 0 0 0 0 97 3 90037 111 0 433 2 0.79 0.71 1.99 1 0
20171205 17:56:16 0 0 3 0 0 0 0 97 3 87775 110 0 433 1 0.79 0.71 1.99 1 0
20171205 17:56:17 0 0 3 0 0 0 0 97 3 86476 203 0 433 3 0.79 0.71 1.99 1 0
20171205 17:56:18 0 0 3 0 0 0 0 97 3 78755 276 0 433 2 0.79 0.71 1.99 1 0
20171205 17:56:19 0 0 3 0 0 0 0 97 3 88104 191 0 433 2 0.81 0.71 1.99 1 0
20171205 17:56:20 0 0 3 0 0 0 0 97 3 84344 156 0 433 2 0.81 0.71 1.99 1 0
20171205 17:56:21 0 0 3 0 0 0 0 97 3 87774 138 0 433 1 0.81 0.71 1.99 2 0
20171205 17:56:22 0 0 3 0 0 0 0 97 3 92337 246 0 433 2 0.81 0.71 1.99 1 0
20171205 17:56:23 0 0 3 0 0 0 0 97 3 91906 111 0 433 2 0.81 0.71 1.99 1 0
20171205 17:56:24 0 0 3 0 0 0 0 97 3 91229 171 0 433 3 0.82 0.72 1.98 1 0
20171205 17:56:25 0 0 3 0 0 0 0 97 3 85018 90 0 433 2 0.82 0.72 1.98 1 0
20171205 17:56:26 0 0 3 0 0 0 0 97 3 84967 113 0 433 2 0.82 0.72 1.98 1 0
20171205 17:56:27 0 0 3 0 0 0 0 97 3 85818 104 0 433 2 0.82 0.72 1.98 1 0
20171205 17:56:28 0 0 3 0 0 0 0 97 3 85520 112 0 433 2 0.82 0.72 1.98 1 0
################################################################################
# Collectl:   V3.6.9-1  HiRes: 1  Options: -P -f results/multiserv_blocking/tcp_collect_1serv_1.dat -sc -c20 
# Host:       server-0  DaemonOpts: 
# Booted:     1512503082.33 [20171205-12:44:42]
# Distro:     debian jessie/sid, Ubuntu 14.04.1 LTS  Platform: 
# Date:       20171205-175805  Secs: 1512521885 TZ: -0700
# SubSys:     c Options:  Interval: 1 NumCPUs: 32  NumBud: 0 Flags: i
# Filters:    NfsFilt:  EnvFilt:  TcpFilt: ituc
# HZ:         100  Arch: x86_64-linux-gnu-thread-multi PageSize: 4096
# Cpu:        GenuineIntel Speed(MHz): 2199.956 Cores: 8  Siblings: 8 Nodes: 4
# Kernel:     3.13.0-100-generic  Memory: 131822812 kB  Swap: 3145724 kB
# NumDisks:   7 DiskNames: sdb sdc sdd sde sdf sdg sda
# NumNets:    9 NetNames: eth0:1000 eth1:?? eth2:?? eth3:?? eth4:10000 eth5:10000 eth6:10000 eth7:?? lo:??
# SCSI:       DA:0:00:00:00 DA:0:00:01:00 DA:0:00:02:00 DA:0:00:03:00 DA:0:00:04:00 DA:0:00:05:00 DA:0:00:06:00 ??:0:00:32:00
################################################################################
#Date Time [CPU]User% [CPU]Nice% [CPU]Sys% [CPU]Wait% [CPU]Irq% [CPU]Soft% [CPU]Steal% [CPU]Idle% [CPU]Totl% [CPU]Intrpt/sec [CPU]Ctx/sec [CPU]Proc/sec [CPU]ProcQue [CPU]ProcRun [CPU]L-Avg1 [CPU]L-Avg5 [CPU]L-Avg15 [CPU]RunTot [CPU]BlkTot
20171205 17:58:07 0 0 3 0 0 0 0 97 3 71612 131 0 432 2 0.55 0.66 1.83 1 0
20171205 17:58:08 0 0 3 0 0 0 0 97 3 69174 164 0 432 2 0.55 0.66 1.83 1 0
20171205 17:58:09 0 0 3 0 0 0 0 97 3 84671 107 0 432 2 0.59 0.66 1.83 1 0
20171205 17:58:10 0 0 3 0 0 0 0 97 3 86354 114 0 432 2 0.59 0.66 1.83 1 0
20171205 17:58:11 0 0 3 0 0 0 0 97 3 69866 134 0 432 1 0.59 0.66 1.83 2 0
20171205 17:58:12 0 0 3 0 0 0 0 97 3 84967 592 0 432 1 0.59 0.66 1.83 1 0
20171205 17:58:13 0 0 3 0 0 0 0 97 3 70558 584 0 432 1 0.59 0.66 1.83 2 0
20171205 17:58:14 0 0 3 0 0 0 0 97 3 71483 370 0 432 2 0.54 0.65 1.82 1 0
20171205 17:58:15 0 0 3 0 0 0 0 97 3 71724 45 0 432 2 0.54 0.65 1.82 1 0
20171205 17:58:16 0 0 3 0 0 0 0 97 3 78681 189 2 434 2 0.54 0.65 1.82 1 0
20171205 17:58:17 0 0 3 0 0 0 0 97 3 75831 211 0 434 2 0.54 0.65 1.82 1 0
20171205 17:58:18 0 0 3 0 0 0 0 97 3 78243 75 0 434 2 0.54 0.65 1.82 1 0
20171205 17:58:19 0 0 3 0 0 0 0 97 3 84312 112 0 434 2 0.58 0.66 1.81 1 0
20171205 17:58:20 0 0 3 0 0 0 0 97 3 78850 138 0 434 2 0.58 0.66 1.81 1 0
20171205 17:58:21 0 0 3 0 0 0 0 97 3 84451 97 0 434 1 0.58 0.66 1.81 2 0
20171205 17:58:22 0 0 3 0 0 0 0 97 3 72088 114 0 434 2 0.58 0.66 1.81 1 0
20171205 17:58:23 0 0 3 0 0 0 0 97 3 68654 98 0 434 2 0.58 0.66 1.81 1 0
20171205 17:58:24 0 0 3 0 0 0 0 97 3 66703 105 0 434 2 0.61 0.66 1.81 1 0
20171205 17:58:25 0 0 3 0 0 0 0 97 3 67213 133 0 434 2 0.61 0.66 1.81 1 0
20171205 17:58:26 0 0 3 0 0 0 0 97 3 68689 103 0 434 2 0.61 0.66 1.81 1 0
################################################################################
# Collectl:   V3.6.9-1  HiRes: 1  Options: -P -f results/multiserv_blocking/tcp_collect_1serv_1.dat -sc -c20 
# Host:       server-0  DaemonOpts: 
# Booted:     1512503082.38 [20171205-12:44:42]
# Distro:     debian jessie/sid, Ubuntu 14.04.1 LTS  Platform: 
# Date:       20171205-180003  Secs: 1512522003 TZ: -0700
# SubSys:     c Options:  Interval: 1 NumCPUs: 32  NumBud: 0 Flags: i
# Filters:    NfsFilt:  EnvFilt:  TcpFilt: ituc
# HZ:         100  Arch: x86_64-linux-gnu-thread-multi PageSize: 4096
# Cpu:        GenuineIntel Speed(MHz): 2199.956 Cores: 8  Siblings: 8 Nodes: 4
# Kernel:     3.13.0-100-generic  Memory: 131822812 kB  Swap: 3145724 kB
# NumDisks:   7 DiskNames: sdb sdc sdd sde sdf sdg sda
# NumNets:    9 NetNames: eth0:1000 eth1:?? eth2:?? eth3:?? eth4:10000 eth5:10000 eth6:10000 eth7:?? lo:??
# SCSI:       DA:0:00:00:00 DA:0:00:01:00 DA:0:00:02:00 DA:0:00:03:00 DA:0:00:04:00 DA:0:00:05:00 DA:0:00:06:00 ??:0:00:32:00
################################################################################
#Date Time [CPU]User% [CPU]Nice% [CPU]Sys% [CPU]Wait% [CPU]Irq% [CPU]Soft% [CPU]Steal% [CPU]Idle% [CPU]Totl% [CPU]Intrpt/sec [CPU]Ctx/sec [CPU]Proc/sec [CPU]ProcQue [CPU]ProcRun [CPU]L-Avg1 [CPU]L-Avg5 [CPU]L-Avg15 [CPU]RunTot [CPU]BlkTot
20171205 18:00:05 0 0 3 0 0 0 0 97 3 67378 109 0 432 2 0.70 0.69 1.70 1 0
20171205 18:00:06 0 0 3 0 0 0 0 97 3 68092 108 0 432 2 0.70 0.69 1.70 1 0
20171205 18:00:07 0 0 3 0 0 0 0 97 3 67570 99 0 432 2 0.70 0.69 1.70 1 0
20171205 18:00:08 0 0 3 0 0 0 0 97 3 68059 94 0 432 2 0.70 0.69 1.70 1 0
20171205 18:00:09 0 0 3 0 0 0 0 97 3 68777 164 0 432 2 0.73 0.69 1.70 1 0
20171205 18:00:10 0 0 3 0 0 0 0 97 3 67514 96 0 432 2 0.73 0.69 1.70 1 0
20171205 18:00:11 0 0 3 0 0 0 0 97 3 68482 55 0 432 3 0.73 0.69 1.70 3 0
20171205 18:00:12 0 0 3 0 0 0 0 97 3 66307 169 0 432 2 0.73 0.69 1.70 1 0
20171205 18:00:13 0 0 3 0 0 0 0 97 3 67043 135 0 432 2 0.73 0.69 1.70 1 0
20171205 18:00:14 0 0 3 0 0 0 0 97 3 67031 58 0 432 2 0.75 0.70 1.69 1 0
20171205 18:00:15 0 0 3 0 0 0 0 97 3 66889 93 0 432 2 0.75 0.70 1.69 1 0
20171205 18:00:16 0 0 3 0 0 0 0 97 3 67372 162 0 432 2 0.75 0.70 1.69 1 0
20171205 18:00:17 0 0 3 0 0 0 0 97 3 67704 100 0 432 2 0.75 0.70 1.69 1 0
20171205 18:00:18 0 0 3 0 0 0 0 97 3 67337 101 0 432 2 0.75 0.70 1.69 1 0
20171205 18:00:19 0 0 3 0 0 0 0 97 3 67627 94 0 432 2 0.77 0.70 1.69 1 0
20171205 18:00:20 0 0 3 0 0 0 0 97 3 67447 112 0 432 2 0.77 0.70 1.69 1 0
20171205 18:00:21 0 0 3 0 0 0 0 97 3 67446 149 0 432 1 0.77 0.70 1.69 2 0
20171205 18:00:22 0 0 2 0 0 1 0 97 3 63648 225 0 432 2 0.77 0.70 1.69 1 0
20171205 18:00:23 0 0 2 0 0 1 0 97 3 63164 167 0 432 3 0.77 0.70 1.69 1 0
20171205 18:00:24 0 0 3 0 0 1 0 97 3 63277 233 0 432 2 0.79 0.71 1.68 1 0
################################################################################
# Collectl:   V3.6.9-1  HiRes: 1  Options: -P -f results/multiserv_blocking/tcp_collect_1serv_1.dat -sc -c20 
# Host:       server-0  DaemonOpts: 
# Booted:     1512503082.42 [20171205-12:44:42]
# Distro:     debian jessie/sid, Ubuntu 14.04.1 LTS  Platform: 
# Date:       20171205-180203  Secs: 1512522123 TZ: -0700
# SubSys:     c Options:  Interval: 1 NumCPUs: 32  NumBud: 0 Flags: i
# Filters:    NfsFilt:  EnvFilt:  TcpFilt: ituc
# HZ:         100  Arch: x86_64-linux-gnu-thread-multi PageSize: 4096
# Cpu:        GenuineIntel Speed(MHz): 2199.956 Cores: 8  Siblings: 8 Nodes: 4
# Kernel:     3.13.0-100-generic  Memory: 131822812 kB  Swap: 3145724 kB
# NumDisks:   7 DiskNames: sdb sdc sdd sde sdf sdg sda
# NumNets:    9 NetNames: eth0:1000 eth1:?? eth2:?? eth3:?? eth4:10000 eth5:10000 eth6:10000 eth7:?? lo:??
# SCSI:       DA:0:00:00:00 DA:0:00:01:00 DA:0:00:02:00 DA:0:00:03:00 DA:0:00:04:00 DA:0:00:05:00 DA:0:00:06:00 ??:0:00:32:00
################################################################################
#Date Time [CPU]User% [CPU]Nice% [CPU]Sys% [CPU]Wait% [CPU]Irq% [CPU]Soft% [CPU]Steal% [CPU]Idle% [CPU]Totl% [CPU]Intrpt/sec [CPU]Ctx/sec [CPU]Proc/sec [CPU]ProcQue [CPU]ProcRun [CPU]L-Avg1 [CPU]L-Avg5 [CPU]L-Avg15 [CPU]RunTot [CPU]BlkTot
20171205 18:02:05 0 0 3 0 0 0 0 97 3 63474 149 0 432 2 0.91 0.77 1.61 1 0
20171205 18:02:06 0 0 3 0 0 0 0 97 3 63196 115 0 432 2 0.91 0.77 1.61 1 0
20171205 18:02:07 0 0 3 0 0 0 0 97 3 63793 68 0 432 2 0.91 0.77 1.61 1 0
20171205 18:02:08 0 0 3 0 0 0 0 97 3 63148 159 0 432 2 0.91 0.77 1.61 1 0
20171205 18:02:09 0 0 3 0 0 0 0 97 3 62277 146 0 432 2 0.91 0.78 1.61 1 0
20171205 18:02:10 0 0 3 0 0 0 0 97 3 63394 60 0 432 2 0.91 0.78 1.61 1 0
20171205 18:02:11 0 0 3 0 0 0 0 97 3 62029 103 0 432 1 0.91 0.78 1.61 2 0
20171205 18:02:12 0 0 3 0 0 0 0 97 3 62544 154 0 432 2 0.91 0.78 1.61 1 0
20171205 18:02:13 0 0 3 0 0 0 0 97 3 63235 96 0 432 1 0.91 0.78 1.61 1 0
20171205 18:02:14 0 0 3 0 0 0 0 97 3 62616 92 0 432 2 1.00 0.80 1.61 1 0
20171205 18:02:15 0 0 3 0 0 0 0 97 3 62768 107 0 432 2 1.00 0.80 1.61 1 0
20171205 18:02:16 0 0 3 0 0 0 0 97 3 62531 98 0 432 2 1.00 0.80 1.61 1 0
20171205 18:02:17 0 0 3 0 0 0 0 97 3 63065 132 0 432 2 1.00 0.80 1.61 1 0
20171205 18:02:18 0 0 3 0 0 0 0 97 3 62630 99 0 432 2 1.00 0.80 1.61 1 0
20171205 18:02:19 0 0 3 0 0 0 0 97 3 62539 50 0 432 2 1.00 0.80 1.60 1 0
20171205 18:02:20 0 0 3 0 0 0 0 97 3 62763 150 0 432 2 1.00 0.80 1.60 1 0
20171205 18:02:21 0 0 3 0 0 0 0 97 3 62966 126 0 432 2 1.00 0.80 1.60 3 0
20171205 18:02:22 0 0 3 0 0 0 0 97 3 62154 87 0 432 2 1.00 0.80 1.60 1 0
20171205 18:02:23 0 0 3 0 0 0 0 97 3 62554 103 0 432 2 1.00 0.80 1.60 1 0
20171205 18:02:24 0 0 3 0 0 0 0 97 3 63265 95 0 432 2 1.00 0.81 1.60 1 0
################################################################################
# Collectl:   V3.6.9-1  HiRes: 1  Options: -P -f results/multiserv_blocking/tcp_collect_1serv_1.dat -sc -c20 
# Host:       server-0  DaemonOpts: 
# Booted:     1512503082.55 [20171205-12:44:42]
# Distro:     debian jessie/sid, Ubuntu 14.04.1 LTS  Platform: 
# Date:       20171205-180407  Secs: 1512522247 TZ: -0700
# SubSys:     c Options:  Interval: 1 NumCPUs: 32  NumBud: 0 Flags: i
# Filters:    NfsFilt:  EnvFilt:  TcpFilt: ituc
# HZ:         100  Arch: x86_64-linux-gnu-thread-multi PageSize: 4096
# Cpu:        GenuineIntel Speed(MHz): 2199.956 Cores: 8  Siblings: 8 Nodes: 4
# Kernel:     3.13.0-100-generic  Memory: 131822812 kB  Swap: 3145724 kB
# NumDisks:   7 DiskNames: sdb sdc sdd sde sdf sdg sda
# NumNets:    9 NetNames: eth0:1000 eth1:?? eth2:?? eth3:?? eth4:10000 eth5:10000 eth6:10000 eth7:?? lo:??
# SCSI:       DA:0:00:00:00 DA:0:00:01:00 DA:0:00:02:00 DA:0:00:03:00 DA:0:00:04:00 DA:0:00:05:00 DA:0:00:06:00 ??:0:00:32:00
################################################################################
#Date Time [CPU]User% [CPU]Nice% [CPU]Sys% [CPU]Wait% [CPU]Irq% [CPU]Soft% [CPU]Steal% [CPU]Idle% [CPU]Totl% [CPU]Intrpt/sec [CPU]Ctx/sec [CPU]Proc/sec [CPU]ProcQue [CPU]ProcRun [CPU]L-Avg1 [CPU]L-Avg5 [CPU]L-Avg15 [CPU]RunTot [CPU]BlkTot
20171205 18:04:09 0 0 3 0 0 0 0 97 3 41663 98 0 432 2 0.98 0.85 1.53 1 0
20171205 18:04:10 0 0 3 0 0 0 0 97 3 41888 107 0 432 1 0.98 0.85 1.53 1 0
20171205 18:04:11 0 0 3 0 0 0 0 97 3 42238 102 0 432 1 0.98 0.85 1.53 3 0
20171205 18:04:12 0 0 3 0 0 0 0 97 3 62109 138 0 432 2 0.98 0.85 1.53 1 0
20171205 18:04:13 0 0 3 0 0 0 0 97 3 61239 150 0 432 2 0.98 0.85 1.53 1 0
20171205 18:04:14 0 0 3 0 0 0 0 97 3 61082 102 0 432 2 0.99 0.85 1.53 1 0
20171205 18:04:15 0 0 3 0 0 0 0 97 3 60254 55 0 432 2 0.99 0.85 1.53 1 0
20171205 18:04:16 0 0 3 0 0 0 0 97 3 60730 137 0 432 2 0.99 0.85 1.53 1 0
20171205 18:04:17 0 0 3 0 0 0 0 97 3 59575 134 0 432 2 0.99 0.85 1.53 1 0
20171205 18:04:18 0 0 3 0 0 0 0 97 3 60416 57 0 432 2 0.99 0.85 1.53 1 0
20171205 18:04:19 0 0 3 0 0 0 0 97 3 60504 93 0 432 2 0.99 0.86 1.53 1 0
20171205 18:04:20 0 0 3 0 0 0 0 97 3 59811 129 0 432 2 0.99 0.86 1.53 1 0
20171205 18:04:21 0 0 3 0 0 0 0 97 3 60055 111 0 432 2 0.99 0.86 1.53 2 0
20171205 18:04:22 0 0 3 0 0 0 0 97 3 63282 101 0 432 2 0.99 0.86 1.53 1 0
20171205 18:04:23 0 0 3 0 0 0 0 97 3 63866 69 0 432 2 0.99 0.86 1.53 1 0
20171205 18:04:24 0 0 3 0 0 0 0 97 3 64140 144 0 432 2 0.99 0.86 1.52 1 0
20171205 18:04:25 0 0 3 0 0 0 0 97 3 64675 135 0 432 2 0.99 0.86 1.52 1 0
20171205 18:04:26 0 0 3 0 0 0 0 97 3 65199 49 0 432 2 0.99 0.86 1.52 1 0
20171205 18:04:27 0 0 3 0 0 0 0 97 3 64715 98 0 432 2 0.99 0.86 1.52 1 0
20171205 18:04:28 0 0 3 0 0 0 0 97 3 65216 130 0 432 2 0.99 0.86 1.52 1 0
################################################################################
# Collectl:   V3.6.9-1  HiRes: 1  Options: -P -f results/multiserv_blocking/tcp_collect_1serv_1.dat -sc -c20 
# Host:       server-0  DaemonOpts: 
# Booted:     1512503082.67 [20171205-12:44:42]
# Distro:     debian jessie/sid, Ubuntu 14.04.1 LTS  Platform: 
# Date:       20171205-180622  Secs: 1512522382 TZ: -0700
# SubSys:     c Options:  Interval: 1 NumCPUs: 32  NumBud: 0 Flags: i
# Filters:    NfsFilt:  EnvFilt:  TcpFilt: ituc
# HZ:         100  Arch: x86_64-linux-gnu-thread-multi PageSize: 4096
# Cpu:        GenuineIntel Speed(MHz): 2199.956 Cores: 8  Siblings: 8 Nodes: 4
# Kernel:     3.13.0-100-generic  Memory: 131822812 kB  Swap: 3145724 kB
# NumDisks:   7 DiskNames: sdb sdc sdd sde sdf sdg sda
# NumNets:    9 NetNames: eth0:1000 eth1:?? eth2:?? eth3:?? eth4:10000 eth5:10000 eth6:10000 eth7:?? lo:??
# SCSI:       DA:0:00:00:00 DA:0:00:01:00 DA:0:00:02:00 DA:0:00:03:00 DA:0:00:04:00 DA:0:00:05:00 DA:0:00:06:00 ??:0:00:32:00
################################################################################
#Date Time [CPU]User% [CPU]Nice% [CPU]Sys% [CPU]Wait% [CPU]Irq% [CPU]Soft% [CPU]Steal% [CPU]Idle% [CPU]Totl% [CPU]Intrpt/sec [CPU]Ctx/sec [CPU]Proc/sec [CPU]ProcQue [CPU]ProcRun [CPU]L-Avg1 [CPU]L-Avg5 [CPU]L-Avg15 [CPU]RunTot [CPU]BlkTot
20171205 18:06:24 0 0 3 0 0 0 0 97 3 61530 163 0 432 2 1.00 0.90 1.46 1 0
20171205 18:06:25 0 0 3 0 0 0 0 97 3 61663 109 0 432 2 1.00 0.90 1.46 1 0
20171205 18:06:26 0 0 3 0 0 0 0 97 3 62207 113 0 432 2 1.00 0.90 1.46 1 0
20171205 18:06:27 0 0 3 0 0 0 0 97 3 62792 106 0 432 1 1.00 0.90 1.46 1 0
20171205 18:06:28 0 0 3 0 0 0 0 97 3 63236 117 0 432 2 1.00 0.90 1.46 1 0
20171205 18:06:29 0 0 3 0 0 0 0 97 3 62698 139 0 432 2 1.00 0.91 1.46 1 0
20171205 18:06:30 0 0 3 0 0 0 0 97 3 62916 124 0 432 2 1.00 0.91 1.46 1 0
20171205 18:06:31 0 0 3 0 0 0 0 97 3 62639 54 0 432 1 1.00 0.91 1.46 2 0
20171205 18:06:32 0 0 3 0 0 0 0 97 3 62726 172 0 432 3 1.00 0.91 1.46 1 0
20171205 18:06:33 0 0 3 0 0 0 0 97 3 63011 144 0 432 2 1.00 0.91 1.46 1 0
20171205 18:06:34 0 0 3 0 0 0 0 97 3 62804 59 0 432 2 1.00 0.91 1.46 1 0
20171205 18:06:35 0 0 3 0 0 0 0 97 3 62320 101 0 432 2 1.00 0.91 1.46 1 0
20171205 18:06:36 0 0 3 0 0 0 0 97 3 62584 138 0 432 2 1.00 0.91 1.46 1 0
20171205 18:06:37 0 0 3 0 0 0 0 97 3 62681 98 0 432 2 1.00 0.91 1.46 1 0
20171205 18:06:38 0 0 3 0 0 0 0 97 3 62220 115 0 432 2 1.00 0.91 1.46 1 0
20171205 18:06:39 0 0 3 0 0 0 0 97 3 61442 119 0 432 2 1.00 0.91 1.45 1 0
20171205 18:06:40 0 0 3 0 0 0 0 97 3 62021 94 0 432 2 1.00 0.91 1.45 1 0
20171205 18:06:41 0 0 3 0 0 0 0 97 3 62342 148 0 432 1 1.00 0.91 1.45 2 0
20171205 18:06:42 0 0 3 0 0 0 0 97 3 61991 114 0 432 2 1.00 0.91 1.45 1 0
20171205 18:06:43 0 0 3 0 0 0 0 97 3 62441 54 0 432 2 1.00 0.91 1.45 1 0
################################################################################
# Collectl:   V3.6.9-1  HiRes: 1  Options: -P -f results/multiserv_blocking/tcp_collect_1serv_1.dat -sc -c20 
# Host:       server-0  DaemonOpts: 
# Booted:     1512503082.74 [20171205-12:44:42]
# Distro:     debian jessie/sid, Ubuntu 14.04.1 LTS  Platform: 
# Date:       20171205-180855  Secs: 1512522535 TZ: -0700
# SubSys:     c Options:  Interval: 1 NumCPUs: 32  NumBud: 0 Flags: i
# Filters:    NfsFilt:  EnvFilt:  TcpFilt: ituc
# HZ:         100  Arch: x86_64-linux-gnu-thread-multi PageSize: 4096
# Cpu:        GenuineIntel Speed(MHz): 2199.956 Cores: 8  Siblings: 8 Nodes: 4
# Kernel:     3.13.0-100-generic  Memory: 131822812 kB  Swap: 3145724 kB
# NumDisks:   7 DiskNames: sdb sdc sdd sde sdf sdg sda
# NumNets:    9 NetNames: eth0:1000 eth1:?? eth2:?? eth3:?? eth4:10000 eth5:10000 eth6:10000 eth7:?? lo:??
# SCSI:       DA:0:00:00:00 DA:0:00:01:00 DA:0:00:02:00 DA:0:00:03:00 DA:0:00:04:00 DA:0:00:05:00 DA:0:00:06:00 ??:0:00:32:00
################################################################################
#Date Time [CPU]User% [CPU]Nice% [CPU]Sys% [CPU]Wait% [CPU]Irq% [CPU]Soft% [CPU]Steal% [CPU]Idle% [CPU]Totl% [CPU]Intrpt/sec [CPU]Ctx/sec [CPU]Proc/sec [CPU]ProcQue [CPU]ProcRun [CPU]L-Avg1 [CPU]L-Avg5 [CPU]L-Avg15 [CPU]RunTot [CPU]BlkTot
20171205 18:08:57 0 0 3 0 0 0 0 97 3 56822 153 0 432 2 0.93 0.93 1.39 1 0
20171205 18:08:58 0 0 3 0 0 0 0 97 3 56651 112 0 432 2 0.93 0.93 1.39 1 0
20171205 18:08:59 0 0 3 0 0 0 0 97 3 55314 82 0 432 2 0.94 0.93 1.38 1 0
20171205 18:09:00 0 0 3 0 0 0 0 97 3 56016 158 0 432 2 0.94 0.93 1.38 1 0
20171205 18:09:01 0 0 3 0 0 0 0 97 3 55835 154 0 432 1 0.94 0.93 1.38 2 0
20171205 18:09:02 0 0 3 0 0 0 0 97 3 60328 108 0 432 2 0.94 0.93 1.38 1 0
20171205 18:09:03 0 0 3 0 0 0 0 97 3 61031 99 0 432 2 0.94 0.93 1.38 1 0
20171205 18:09:04 0 0 3 0 0 0 0 97 3 61370 115 0 432 2 0.94 0.93 1.38 1 0
20171205 18:09:05 0 0 3 0 0 0 0 97 3 62025 147 0 432 2 0.94 0.93 1.38 1 0
20171205 18:09:06 0 0 3 0 0 0 0 97 3 61240 94 0 432 2 0.94 0.93 1.38 1 0
20171205 18:09:07 0 0 3 0 0 0 0 97 3 61686 57 0 432 2 0.94 0.93 1.38 1 0
20171205 18:09:08 0 0 3 0 0 0 0 97 3 61564 155 0 432 2 0.94 0.93 1.38 1 0
20171205 18:09:09 0 0 3 0 0 0 0 97 3 61235 133 0 432 2 0.95 0.93 1.38 1 0
20171205 18:09:10 0 0 3 0 0 0 0 97 3 61705 62 0 432 2 0.95 0.93 1.38 1 0
20171205 18:09:11 0 0 3 0 0 0 0 97 3 61068 109 0 432 1 0.95 0.93 1.38 2 0
20171205 18:09:12 0 0 3 0 0 0 0 97 3 57008 165 0 432 2 0.95 0.93 1.38 1 0
20171205 18:09:13 0 0 3 0 0 0 0 97 3 55288 89 0 432 2 0.95 0.93 1.38 1 0
20171205 18:09:14 0 0 3 0 0 0 0 97 3 55665 111 0 432 2 0.95 0.93 1.38 1 0
20171205 18:09:15 0 0 3 0 0 0 0 97 3 53623 108 0 432 2 0.95 0.93 1.38 1 0
20171205 18:09:16 0 0 3 0 0 0 0 97 3 56147 106 0 432 2 0.95 0.93 1.38 1 0
################################################################################
# Collectl:   V3.6.9-1  HiRes: 1  Options: -P -f results/multiserv_blocking/tcp_collect_1serv_1.dat -sc -c20 
# Host:       server-0  DaemonOpts: 
# Booted:     1512503082.37 [20171205-12:44:42]
# Distro:     debian jessie/sid, Ubuntu 14.04.1 LTS  Platform: 
# Date:       20171205-181204  Secs: 1512522724 TZ: -0700
# SubSys:     c Options:  Interval: 1 NumCPUs: 32  NumBud: 0 Flags: i
# Filters:    NfsFilt:  EnvFilt:  TcpFilt: ituc
# HZ:         100  Arch: x86_64-linux-gnu-thread-multi PageSize: 4096
# Cpu:        GenuineIntel Speed(MHz): 2199.956 Cores: 8  Siblings: 8 Nodes: 4
# Kernel:     3.13.0-100-generic  Memory: 131822812 kB  Swap: 3145724 kB
# NumDisks:   7 DiskNames: sdb sdc sdd sde sdf sdg sda
# NumNets:    9 NetNames: eth0:1000 eth1:?? eth2:?? eth3:?? eth4:10000 eth5:10000 eth6:10000 eth7:?? lo:??
# SCSI:       DA:0:00:00:00 DA:0:00:01:00 DA:0:00:02:00 DA:0:00:03:00 DA:0:00:04:00 DA:0:00:05:00 DA:0:00:06:00 ??:0:00:32:00
################################################################################
#Date Time [CPU]User% [CPU]Nice% [CPU]Sys% [CPU]Wait% [CPU]Irq% [CPU]Soft% [CPU]Steal% [CPU]Idle% [CPU]Totl% [CPU]Intrpt/sec [CPU]Ctx/sec [CPU]Proc/sec [CPU]ProcQue [CPU]ProcRun [CPU]L-Avg1 [CPU]L-Avg5 [CPU]L-Avg15 [CPU]RunTot [CPU]BlkTot
20171205 18:12:06 0 0 3 0 0 0 0 97 3 43180 60 0 432 2 0.92 0.91 1.30 1 0
20171205 18:12:07 0 0 3 0 0 0 0 97 3 43992 106 0 432 2 0.92 0.91 1.30 1 0
20171205 18:12:08 0 0 3 0 0 0 0 97 3 43793 134 0 432 1 0.92 0.91 1.30 1 0
20171205 18:12:09 0 0 3 0 0 0 0 97 3 44224 91 0 432 2 0.93 0.91 1.29 1 0
20171205 18:12:10 0 0 3 0 0 0 0 97 3 43888 101 0 432 2 0.93 0.91 1.29 1 0
20171205 18:12:11 0 0 3 0 0 0 0 97 3 43324 64 0 432 1 0.93 0.91 1.29 2 0
20171205 18:12:12 0 0 3 0 0 0 0 97 3 43722 141 0 432 2 0.93 0.91 1.29 1 0
20171205 18:12:13 0 0 3 0 0 0 0 97 3 43343 125 0 432 2 0.93 0.91 1.29 1 0
20171205 18:12:14 0 0 3 0 0 0 0 97 3 43636 56 0 432 2 0.94 0.91 1.29 1 0
20171205 18:12:15 0 0 3 0 0 0 0 97 3 43818 97 0 432 2 0.94 0.91 1.29 1 0
20171205 18:12:16 0 0 3 0 0 0 0 97 3 43715 128 0 432 2 0.94 0.91 1.29 1 0
20171205 18:12:17 0 0 3 0 0 0 0 97 3 42975 80 0 432 2 0.94 0.91 1.29 1 0
20171205 18:12:18 0 0 3 0 0 0 0 97 3 43684 95 0 432 2 0.94 0.91 1.29 1 0
20171205 18:12:19 0 0 3 0 0 0 0 97 3 43489 95 0 432 2 0.94 0.92 1.29 1 0
20171205 18:12:20 0 0 3 0 0 0 0 97 3 43309 86 0 432 2 0.94 0.92 1.29 1 0
20171205 18:12:21 0 0 3 0 0 0 0 97 3 43490 130 0 432 1 0.94 0.92 1.29 2 0
20171205 18:12:22 0 0 3 0 0 0 0 97 3 43851 105 0 432 2 0.94 0.92 1.29 1 0
20171205 18:12:23 0 0 3 0 0 0 0 97 3 43692 53 0 432 2 0.94 0.92 1.29 1 0
20171205 18:12:24 0 0 3 0 0 0 0 97 3 43866 129 0 432 2 0.95 0.92 1.29 1 0
20171205 18:12:25 0 0 3 0 0 0 0 97 3 43214 124 0 432 2 0.95 0.92 1.29 1 0
################################################################################
# Collectl:   V3.6.9-1  HiRes: 1  Options: -P -f results/multiserv_blocking/tcp_collect_1serv_1.dat -sc -c20 
# Host:       server-0  DaemonOpts: 
# Booted:     1512503082.84 [20171205-12:44:42]
# Distro:     debian jessie/sid, Ubuntu 14.04.1 LTS  Platform: 
# Date:       20171205-181623  Secs: 1512522983 TZ: -0700
# SubSys:     c Options:  Interval: 1 NumCPUs: 32  NumBud: 0 Flags: i
# Filters:    NfsFilt:  EnvFilt:  TcpFilt: ituc
# HZ:         100  Arch: x86_64-linux-gnu-thread-multi PageSize: 4096
# Cpu:        GenuineIntel Speed(MHz): 2199.956 Cores: 8  Siblings: 8 Nodes: 4
# Kernel:     3.13.0-100-generic  Memory: 131822812 kB  Swap: 3145724 kB
# NumDisks:   7 DiskNames: sdb sdc sdd sde sdf sdg sda
# NumNets:    9 NetNames: eth0:1000 eth1:?? eth2:?? eth3:?? eth4:10000 eth5:10000 eth6:10000 eth7:?? lo:??
# SCSI:       DA:0:00:00:00 DA:0:00:01:00 DA:0:00:02:00 DA:0:00:03:00 DA:0:00:04:00 DA:0:00:05:00 DA:0:00:06:00 ??:0:00:32:00
################################################################################
#Date Time [CPU]User% [CPU]Nice% [CPU]Sys% [CPU]Wait% [CPU]Irq% [CPU]Soft% [CPU]Steal% [CPU]Idle% [CPU]Totl% [CPU]Intrpt/sec [CPU]Ctx/sec [CPU]Proc/sec [CPU]ProcQue [CPU]ProcRun [CPU]L-Avg1 [CPU]L-Avg5 [CPU]L-Avg15 [CPU]RunTot [CPU]BlkTot
20171205 18:16:25 0 0 3 0 0 0 0 97 3 60126 203 0 432 2 0.92 0.94 1.21 1 0
20171205 18:16:26 0 0 3 0 0 0 0 96 4 53306 150 0 432 3 0.92 0.94 1.21 1 0
20171205 18:16:27 0 0 3 0 0 0 0 97 3 53240 84 0 432 2 0.92 0.94 1.21 1 0
20171205 18:16:28 0 0 3 0 0 0 0 97 3 52528 165 0 432 2 0.92 0.94 1.21 1 0
20171205 18:16:29 0 0 3 0 0 0 0 97 3 51602 126 0 432 2 0.92 0.94 1.21 2 0
20171205 18:16:30 0 0 3 0 0 0 0 97 3 55836 103 0 432 2 0.92 0.94 1.21 1 0
20171205 18:16:31 0 0 3 0 0 0 0 97 3 52356 101 0 432 1 0.92 0.94 1.21 2 0
20171205 18:16:32 0 0 3 0 0 0 0 97 3 50653 126 0 432 2 0.92 0.94 1.21 1 0
20171205 18:16:33 0 0 3 0 0 0 0 97 3 55307 134 0 432 2 0.92 0.94 1.21 1 0
20171205 18:16:34 0 0 3 0 0 0 0 97 3 58058 99 0 432 2 0.92 0.94 1.21 1 0
20171205 18:16:35 0 0 3 0 0 0 0 97 3 50587 47 0 432 2 0.93 0.94 1.21 1 0
20171205 18:16:36 0 0 3 0 0 0 0 97 3 54970 150 0 432 2 0.93 0.94 1.21 1 0
20171205 18:16:37 0 0 3 0 0 0 0 97 3 54697 150 0 432 2 0.93 0.94 1.21 1 0
20171205 18:16:38 0 0 3 0 0 0 0 97 3 50852 55 0 432 2 0.93 0.94 1.21 1 0
20171205 18:16:39 0 0 3 0 0 0 0 97 3 54467 90 0 432 2 0.93 0.94 1.21 1 0
20171205 18:16:40 0 0 3 0 0 0 0 97 3 55025 144 0 432 2 0.93 0.94 1.21 1 0
20171205 18:16:41 0 0 3 0 0 0 0 97 3 53454 162 0 432 1 0.93 0.94 1.21 2 0
20171205 18:16:42 0 0 3 0 0 0 0 97 3 60898 115 0 432 2 0.93 0.94 1.21 1 0
20171205 18:16:43 0 0 3 0 0 0 0 97 3 61833 100 0 432 2 0.93 0.94 1.21 1 0
20171205 18:16:44 0 0 3 0 0 0 0 97 3 62220 101 0 432 2 0.93 0.94 1.21 1 0
################################################################################
# Collectl:   V3.6.9-1  HiRes: 1  Options: -P -f results/multiserv_blocking/tcp_collect_1serv_1.dat -sc -c20 
# Host:       server-0  DaemonOpts: 
# Booted:     1512503082.25 [20171205-12:44:42]
# Distro:     debian jessie/sid, Ubuntu 14.04.1 LTS  Platform: 
# Date:       20171205-182307  Secs: 1512523387 TZ: -0700
# SubSys:     c Options:  Interval: 1 NumCPUs: 32  NumBud: 0 Flags: i
# Filters:    NfsFilt:  EnvFilt:  TcpFilt: ituc
# HZ:         100  Arch: x86_64-linux-gnu-thread-multi PageSize: 4096
# Cpu:        GenuineIntel Speed(MHz): 2199.956 Cores: 8  Siblings: 8 Nodes: 4
# Kernel:     3.13.0-100-generic  Memory: 131822812 kB  Swap: 3145724 kB
# NumDisks:   7 DiskNames: sdb sdc sdd sde sdf sdg sda
# NumNets:    9 NetNames: eth0:1000 eth1:?? eth2:?? eth3:?? eth4:10000 eth5:10000 eth6:10000 eth7:?? lo:??
# SCSI:       DA:0:00:00:00 DA:0:00:01:00 DA:0:00:02:00 DA:0:00:03:00 DA:0:00:04:00 DA:0:00:05:00 DA:0:00:06:00 ??:0:00:32:00
################################################################################
#Date Time [CPU]User% [CPU]Nice% [CPU]Sys% [CPU]Wait% [CPU]Irq% [CPU]Soft% [CPU]Steal% [CPU]Idle% [CPU]Totl% [CPU]Intrpt/sec [CPU]Ctx/sec [CPU]Proc/sec [CPU]ProcQue [CPU]ProcRun [CPU]L-Avg1 [CPU]L-Avg5 [CPU]L-Avg15 [CPU]RunTot [CPU]BlkTot
20171205 18:23:09 0 0 3 0 0 0 0 97 3 79382 194 0 432 1 1.12 1.00 1.14 1 0
20171205 18:23:10 0 0 3 0 0 1 0 96 4 107080 476 0 432 1 1.11 1.00 1.14 1 0
20171205 18:23:11 0 0 3 0 0 0 0 96 4 77449 564 0 432 1 1.11 1.00 1.14 2 0
20171205 18:23:12 0 0 3 0 0 0 0 97 3 74821 165 0 432 1 1.11 1.00 1.14 1 0
20171205 18:23:13 0 0 3 0 0 0 0 97 3 67309 113 0 432 1 1.11 1.00 1.14 1 0
20171205 18:23:14 0 0 3 0 0 0 0 97 3 63021 112 0 432 1 1.11 1.00 1.14 1 0
20171205 18:23:15 0 0 3 0 0 0 0 97 3 59492 53 0 432 1 1.10 1.00 1.14 1 0
20171205 18:23:16 0 0 3 0 0 0 0 97 3 61318 147 0 432 1 1.10 1.00 1.14 1 0
20171205 18:23:17 0 0 3 0 0 0 0 97 3 61177 157 0 432 1 1.10 1.00 1.14 1 0
20171205 18:23:18 0 0 3 0 0 0 0 97 3 60347 55 0 432 1 1.10 1.00 1.14 1 0
20171205 18:23:19 0 0 3 0 0 0 0 97 3 61077 100 0 432 1 1.10 1.00 1.14 1 0
20171205 18:23:20 0 0 3 0 0 0 0 97 3 59665 143 0 432 1 1.09 1.00 1.14 1 0
20171205 18:23:21 0 0 3 0 0 0 0 97 3 58547 105 0 432 1 1.09 1.00 1.14 2 0
20171205 18:23:22 0 0 3 0 0 0 0 97 3 58380 115 0 432 1 1.09 1.00 1.14 1 0
20171205 18:23:23 0 0 3 0 0 0 0 97 3 57470 87 0 432 1 1.09 1.00 1.14 1 0
20171205 18:23:24 0 0 3 0 0 0 0 97 3 56680 105 0 432 1 1.09 1.00 1.14 1 0
20171205 18:23:25 0 0 3 0 0 0 0 97 3 57963 138 0 432 1 1.09 1.00 1.14 1 0
20171205 18:23:26 0 0 3 0 0 0 0 97 3 58384 103 0 432 1 1.09 1.00 1.14 1 0
20171205 18:23:27 0 0 3 0 0 0 0 97 3 58407 59 0 432 1 1.09 1.00 1.14 1 0
20171205 18:23:28 0 0 3 0 0 0 0 97 3 58463 135 0 432 1 1.09 1.00 1.14 1 0
################################################################################
# Collectl:   V3.6.9-1  HiRes: 1  Options: -P -f results/multiserv_blocking/tcp_collect_1serv_1.dat -sc -c20 
# Host:       server-0  DaemonOpts: 
# Booted:     1512503082.35 [20171205-12:44:42]
# Distro:     debian jessie/sid, Ubuntu 14.04.1 LTS  Platform: 
# Date:       20171205-183439  Secs: 1512524079 TZ: -0700
# SubSys:     c Options:  Interval: 1 NumCPUs: 32  NumBud: 0 Flags: i
# Filters:    NfsFilt:  EnvFilt:  TcpFilt: ituc
# HZ:         100  Arch: x86_64-linux-gnu-thread-multi PageSize: 4096
# Cpu:        GenuineIntel Speed(MHz): 2199.956 Cores: 8  Siblings: 8 Nodes: 4
# Kernel:     3.13.0-100-generic  Memory: 131822812 kB  Swap: 3145724 kB
# NumDisks:   7 DiskNames: sdb sdc sdd sde sdf sdg sda
# NumNets:    9 NetNames: eth0:1000 eth1:?? eth2:?? eth3:?? eth4:10000 eth5:10000 eth6:10000 eth7:?? lo:??
# SCSI:       DA:0:00:00:00 DA:0:00:01:00 DA:0:00:02:00 DA:0:00:03:00 DA:0:00:04:00 DA:0:00:05:00 DA:0:00:06:00 ??:0:00:32:00
################################################################################
#Date Time [CPU]User% [CPU]Nice% [CPU]Sys% [CPU]Wait% [CPU]Irq% [CPU]Soft% [CPU]Steal% [CPU]Idle% [CPU]Totl% [CPU]Intrpt/sec [CPU]Ctx/sec [CPU]Proc/sec [CPU]ProcQue [CPU]ProcRun [CPU]L-Avg1 [CPU]L-Avg5 [CPU]L-Avg15 [CPU]RunTot [CPU]BlkTot
20171205 18:34:41 0 0 3 0 0 0 0 97 3 133707 226 0 433 1 0.95 1.00 1.08 3 0
20171205 18:34:42 0 0 3 0 0 0 0 97 3 129008 199 0 433 2 0.95 1.00 1.08 1 0
20171205 18:34:43 0 0 3 0 0 0 0 96 4 103409 192 0 433 2 0.95 1.00 1.08 1 0
20171205 18:34:44 0 0 3 0 0 0 0 96 4 87335 255 0 433 3 0.95 1.00 1.08 1 0
20171205 18:34:45 0 0 3 0 0 0 0 97 3 78013 202 0 433 2 0.96 1.00 1.07 1 0
20171205 18:34:46 0 0 3 0 0 0 0 97 3 72122 144 0 433 2 0.96 1.00 1.07 1 0
20171205 18:34:47 0 0 3 0 0 0 0 97 3 67383 141 0 433 2 0.96 1.00 1.07 1 0
20171205 18:34:48 0 0 3 0 0 0 0 97 3 64369 129 0 433 3 0.96 1.00 1.07 1 0
20171205 18:34:49 0 0 3 0 0 0 0 96 4 85731 194 0 433 2 0.96 1.00 1.07 1 0
20171205 18:34:50 0 0 3 0 0 0 0 97 3 106419 193 0 433 2 0.96 1.00 1.07 1 0
20171205 18:34:51 0 0 3 0 0 0 0 97 3 140021 167 0 433 1 0.96 1.00 1.07 2 0
20171205 18:34:52 0 0 3 0 0 0 0 97 3 121715 218 0 433 2 0.96 1.00 1.07 1 0
20171205 18:34:53 0 0 3 0 0 0 0 97 3 99636 144 0 433 2 0.96 1.00 1.07 2 0
20171205 18:34:54 0 0 3 0 0 0 0 97 3 87631 113 0 433 2 0.96 1.00 1.07 1 0
20171205 18:34:55 0 0 3 0 0 0 0 97 3 79542 123 0 433 2 0.96 1.00 1.07 1 0
20171205 18:34:56 0 0 3 0 0 0 0 97 3 74994 110 0 433 2 0.96 1.00 1.07 1 0
20171205 18:34:57 0 0 3 0 0 0 0 97 3 94176 166 0 433 2 0.96 1.00 1.07 1 0
20171205 18:34:58 0 0 3 0 0 0 0 97 3 119033 122 0 433 2 0.96 1.00 1.07 1 0
20171205 18:34:59 0 0 3 0 0 0 0 97 3 148405 115 0 433 1 0.96 1.00 1.07 1 0
20171205 18:35:00 0 0 3 0 0 0 0 96 4 115439 229 0 433 1 0.97 1.00 1.07 1 0
