################################################################################
# Collectl:   V3.6.9-1  HiRes: 1  Options: -P -f results/2017-12-20-16-44/64cores_pin_u80_c2048_8.dat -sc -c80 -oaz 
# Host:       server-0  DaemonOpts: 
# Booted:     1514085371.15 [20171223-20:16:11]
# Distro:     debian jessie/sid, Ubuntu 14.04.1 LTS  Platform: 
# Date:       20171223-210748  Secs: 1514088468 TZ: -0700
# SubSys:     c Options: az Interval: 1 NumCPUs: 64 [HYPER] NumBud: 0 Flags: i
# Filters:    NfsFilt:  EnvFilt:  TcpFilt: ituc
# HZ:         100  Arch: x86_64-linux-gnu-thread-multi PageSize: 4096
# Cpu:        GenuineIntel Speed(MHz): 2199.894 Cores: 8  Siblings: 16 Nodes: 4
# Kernel:     3.13.0-100-generic  Memory: 131822812 kB  Swap: 3145724 kB
# NumDisks:   7 DiskNames: sdc sdd sdb sde sdf sdg sda
# NumNets:    9 NetNames: eth0:1000 eth1:?? eth2:?? eth3:?? eth4:10000 eth5:10000 eth6:10000 eth7:?? lo:??
# SCSI:       DA:0:00:00:00 DA:0:00:01:00 DA:0:00:02:00 DA:0:00:03:00 DA:0:00:04:00 DA:0:00:05:00 DA:0:00:06:00 ??:0:00:32:00
################################################################################
#Date Time [CPU]User% [CPU]Nice% [CPU]Sys% [CPU]Wait% [CPU]Irq% [CPU]Soft% [CPU]Steal% [CPU]Idle% [CPU]Totl% [CPU]Intrpt/sec [CPU]Ctx/sec [CPU]Proc/sec [CPU]ProcQue [CPU]ProcRun [CPU]L-Avg1 [CPU]L-Avg5 [CPU]L-Avg15 [CPU]RunTot [CPU]BlkTot
20171223 21:07:50 2 0 47 0 0 38 0 13 87 3112200 268821 0 684 51 22.04 24.02 23.48 56 0
20171223 21:07:51 2 0 47 0 0 38 0 13 87 3114650 253904 0 684 65 22.04 24.02 23.48 57 0
20171223 21:07:52 2 0 47 0 0 37 0 13 87 3125381 263371 0 684 53 22.04 24.02 23.48 55 0
20171223 21:07:53 2 0 48 0 0 37 0 13 87 3093981 254835 0 684 49 22.04 24.02 23.48 53 0
20171223 21:07:54 2 0 48 0 0 38 0 13 87 3099494 246730 0 684 48 22.04 24.02 23.48 54 0
20171223 21:07:55 2 0 48 0 0 38 0 13 87 3127465 250458 0 684 54 24.36 24.47 23.63 57 0
20171223 21:07:56 2 0 48 0 0 38 0 13 87 3144519 247536 0 684 55 24.36 24.47 23.63 53 0
20171223 21:07:57 2 0 47 0 0 38 0 13 87 3122842 245156 0 684 63 24.36 24.47 23.63 58 0
20171223 21:07:58 2 0 48 0 0 37 0 13 87 3048094 214816 0 684 57 24.36 24.47 23.63 60 0
20171223 21:07:59 2 0 48 0 0 37 0 13 87 3096200 221286 0 684 61 24.36 24.47 23.63 53 0
20171223 21:08:00 2 0 48 0 0 38 0 13 87 3043416 206509 0 684 55 26.66 24.94 23.79 58 0
20171223 21:08:01 3 0 48 0 0 38 0 12 88 3080616 199416 0 684 66 26.66 24.94 23.79 57 0
20171223 21:08:02 2 0 47 0 0 38 0 13 87 3040657 213446 0 684 66 26.66 24.94 23.79 55 0
20171223 21:08:03 2 0 48 0 0 38 0 12 88 3081118 213734 0 684 55 26.66 24.94 23.79 56 0
20171223 21:08:04 2 0 48 0 0 38 0 12 88 3081786 218882 0 684 59 26.66 24.94 23.79 56 0
20171223 21:08:05 1 0 49 0 0 37 0 12 88 3054720 208589 0 684 58 28.85 25.42 23.95 56 0
20171223 21:08:06 2 0 48 0 0 38 0 12 88 3065808 214898 0 684 56 28.85 25.42 23.95 51 0
20171223 21:08:07 2 0 48 0 0 38 0 13 87 3065363 215607 0 684 60 28.85 25.42 23.95 53 0
20171223 21:08:08 2 0 49 0 0 37 0 12 88 3064602 212305 0 684 67 28.85 25.42 23.95 59 0
20171223 21:08:09 2 0 48 0 0 38 0 12 88 3072303 213401 0 684 59 28.85 25.42 23.95 55 0
20171223 21:08:10 2 0 49 0 0 38 0 12 88 3077765 212420 0 684 50 30.86 25.90 24.11 53 0
20171223 21:08:11 2 0 48 0 0 38 0 13 87 3057989 225423 0 684 63 30.86 25.90 24.11 53 0
20171223 21:08:12 2 0 48 0 0 38 0 12 88 3063193 212709 0 684 48 30.86 25.90 24.11 56 0
20171223 21:08:13 2 0 48 0 0 38 0 13 87 3062204 218378 0 684 56 30.86 25.90 24.11 56 0
20171223 21:08:14 2 0 48 0 0 38 0 12 88 3064003 216584 0 684 66 30.86 25.90 24.11 53 0
20171223 21:08:15 2 0 48 0 0 38 0 13 87 3054903 218767 0 684 60 32.63 26.35 24.27 55 0
20171223 21:08:16 2 0 48 0 0 38 0 12 88 3099695 234798 0 684 66 32.63 26.35 24.27 57 0
20171223 21:08:17 2 0 33 0 0 25 0 41 59 3419339 924153 0 684 32 32.63 26.35 24.27 44 0
20171223 21:08:18 2 0 32 0 0 21 0 45 55 3305215 1063585 0 684 36 32.63 26.35 24.27 34 0
20171223 21:08:19 2 0 33 0 0 23 0 42 58 3267112 1010975 0 684 32 32.63 26.35 24.27 40 0
20171223 21:08:20 2 0 33 0 0 23 0 43 57 3206827 988140 0 684 32 32.10 26.34 24.28 43 0
20171223 21:08:21 2 0 34 0 0 24 0 41 59 3232019 930713 0 684 34 32.10 26.34 24.28 36 0
20171223 21:08:22 2 0 32 0 0 22 0 44 56 3275210 1044355 1 684 35 32.10 26.34 24.28 38 0
20171223 21:08:23 2 0 33 0 0 22 0 44 56 3234557 997540 0 684 36 32.10 26.34 24.28 36 0
20171223 21:08:24 1 0 23 0 0 9 0 67 33 1960620 960333 0 684 25 32.10 26.34 24.28 31 0
20171223 21:08:25 1 0 24 0 0 10 0 65 35 1903289 887976 0 684 25 31.37 26.29 24.27 23 0
20171223 21:08:26 1 0 25 0 0 10 0 64 36 2023352 930479 0 684 18 31.37 26.29 24.27 23 0
20171223 21:08:27 1 0 24 0 0 9 0 66 34 2023653 943427 0 684 18 31.37 26.29 24.27 28 0
20171223 21:08:28 1 0 25 0 0 9 0 65 35 2056943 957527 0 684 31 31.37 26.29 24.27 29 0
20171223 21:08:29 1 0 26 0 0 11 0 62 38 2014036 919245 0 684 27 31.37 26.29 24.27 27 0
20171223 21:08:30 1 0 25 0 0 10 0 63 37 1961902 947418 0 684 28 29.90 26.07 24.21 31 0
20171223 21:08:31 2 0 26 0 0 10 0 63 37 1929280 900757 0 684 21 29.90 26.07 24.21 28 0
20171223 21:08:32 2 0 26 0 0 11 0 61 39 1947378 890761 0 684 32 29.90 26.07 24.21 23 0
20171223 21:08:33 1 0 26 0 0 11 0 62 38 1906637 909289 0 684 20 29.90 26.07 24.21 23 0
20171223 21:08:34 1 0 25 0 0 9 0 65 35 1792694 861287 0 684 24 29.90 26.07 24.21 24 0
20171223 21:08:35 1 0 25 0 0 9 0 65 35 1808470 876345 0 684 23 29.27 26.00 24.20 34 0
20171223 21:08:36 1 0 25 0 0 9 0 64 36 1796735 878763 0 684 23 29.27 26.00 24.20 25 0
20171223 21:08:37 1 0 26 0 0 10 0 62 38 1834661 878375 0 684 28 29.27 26.00 24.20 30 0
20171223 21:08:38 1 0 26 0 0 10 0 62 38 1854143 876376 0 684 28 29.27 26.00 24.20 26 0
20171223 21:08:39 1 0 26 0 0 10 0 62 38 1858468 864059 0 684 24 29.27 26.00 24.20 23 0
20171223 21:08:40 1 0 26 0 0 10 0 63 37 1843818 884308 0 684 31 28.53 25.90 24.17 25 0
20171223 21:08:41 1 0 26 0 0 10 0 62 38 1605417 756789 0 684 25 28.53 25.90 24.17 25 0
20171223 21:08:42 1 0 25 0 0 10 0 64 36 1570061 748785 0 684 25 28.53 25.90 24.17 16 0
20171223 21:08:43 1 0 22 0 0 8 0 69 31 1702855 868370 0 684 18 28.53 25.90 24.17 24 0
20171223 21:08:44 1 0 22 0 0 8 0 69 31 1680522 851503 0 684 19 28.53 25.90 24.17 23 0
20171223 21:08:45 1 0 22 0 0 8 0 69 31 1673573 849297 0 684 18 27.84 25.80 24.15 21 0
20171223 21:08:46 1 0 22 0 0 8 0 69 31 1705723 862347 0 684 23 27.84 25.80 24.15 26 0
20171223 21:08:47 1 0 22 0 0 8 0 68 32 1693484 863535 0 684 22 27.84 25.80 24.15 28 0
20171223 21:08:48 1 0 21 0 0 8 0 69 31 1658108 836742 0 684 22 27.84 25.80 24.15 39 0
20171223 21:08:49 1 0 22 0 0 8 0 69 31 1708723 872816 0 684 23 27.84 25.80 24.15 20 0
20171223 21:08:50 1 0 23 0 0 8 0 68 32 1722398 886444 0 684 25 26.66 25.59 24.09 21 0
20171223 21:08:51 1 0 22 0 0 8 0 69 31 1752052 882008 0 684 17 26.66 25.59 24.09 29 0
20171223 21:08:52 1 0 22 0 0 8 0 69 31 1774076 888639 0 684 29 26.66 25.59 24.09 19 0
20171223 21:08:53 1 0 21 0 0 8 0 70 30 1697092 857618 0 684 22 26.66 25.59 24.09 25 0
20171223 21:08:54 1 0 23 0 0 8 0 67 33 1761309 877609 0 684 16 26.66 25.59 24.09 29 0
20171223 21:08:55 1 0 25 0 0 10 0 63 37 1796665 855927 0 684 23 25.40 25.35 24.02 22 0
20171223 21:08:56 1 0 28 0 0 12 0 59 41 1764945 828925 0 684 24 25.40 25.35 24.02 34 0
20171223 21:08:57 1 0 29 0 0 12 0 57 43 1806194 824135 0 684 22 25.40 25.35 24.02 21 0
20171223 21:08:58 1 0 29 0 0 13 0 56 44 1790670 805092 0 684 30 25.40 25.35 24.02 34 0
20171223 21:08:59 1 0 29 0 0 13 0 57 43 1825509 835864 0 684 27 25.40 25.35 24.02 26 0
20171223 21:09:00 1 0 28 0 0 12 0 58 42 1799450 852361 0 684 32 25.37 25.34 24.03 32 0
20171223 21:09:01 3 0 30 0 0 13 0 55 45 1834575 801813 0 684 23 25.37 25.34 24.03 27 0
20171223 21:09:02 2 0 29 0 0 12 0 57 43 1839143 825110 0 684 31 25.37 25.34 24.03 31 0
20171223 21:09:03 1 0 29 0 0 13 0 57 43 1833856 837753 0 684 28 25.37 25.34 24.03 32 0
20171223 21:09:04 2 0 31 0 0 14 0 53 47 1963934 832687 0 684 33 25.37 25.34 24.03 30 0
20171223 21:09:05 2 0 32 0 0 14 0 52 48 1970430 846441 0 684 32 25.90 25.45 24.07 26 0
20171223 21:09:06 1 0 32 0 0 15 0 52 48 1953378 818217 0 684 30 25.90 25.45 24.07 28 0
20171223 21:09:07 2 0 34 0 0 16 0 48 52 1977586 775177 0 684 47 25.90 25.45 24.07 49 0
20171223 21:09:08 2 0 36 0 0 19 0 43 57 1973569 664295 0 684 23 25.90 25.45 24.07 30 0
20171223 21:09:09 2 0 36 0 0 21 0 41 59 1997825 623578 0 684 28 25.90 25.45 24.07 35 0
