20207.732125
18906.349601
18032.823981
18585.366338
10234.085524
7341.246937
18868.498078
21243.017613
20058.989883
18019.560487
11872.118987
15320.695447
11992.664968
17750.330483
21034.720410
12281.410480
12805.981625
1541.924395
12936.634559
20641.575240
17549.930536
9927.599109
20533.128056
10531.244613
17990.627016
18612.884115
14127.714724
4501.325252
4257.285293
9849.050302
19359.320596
19663.440278
13231.624755
20253.284463
20336.864111
6801.336734
7086.852241
4414.513905
18718.832032
9745.237707
775.987077
4370.158623
18947.659834
5712.812897
1546.267669
17489.969194
19821.744142
10026.654932
14191.904103
10577.028842
10337.928330
12794.987528
12066.266027
7646.323026
17673.503635
19916.495149
978.529598
5657.439125
18634.254094
20001.795035
17632.365633
18912.406634
19045.907162
20853.953702
