################################################################################
# Collectl:   V3.6.9-1  HiRes: 1  Options: -P -f results/2018-01-24-08-31/32cores_nopin_u40_c512_120.dat -sc -c40 -oaz 
# Host:       server-0  DaemonOpts: 
# Booted:     1516806861.46 [20180124-08:14:21]
# Distro:     debian jessie/sid, Ubuntu 14.04.1 LTS  Platform: 
# Date:       20180124-122903  Secs: 1516822143 TZ: -0700
# SubSys:     c Options: az Interval: 1 NumCPUs: 64  CPUsDis: 1 NumBud: 0 Flags: iD
# Filters:    NfsFilt:  EnvFilt:  TcpFilt: ituc
# HZ:         100  Arch: x86_64-linux-gnu-thread-multi PageSize: 4096
# Cpu:        GenuineIntel Speed(MHz): 2200.084 Cores: 8  Siblings: 8 Nodes: 4
# Kernel:     3.13.0-100-generic  Memory: 131822812 kB  Swap: 3145724 kB
# NumDisks:   7 DiskNames: sdb sdc sdd sde sdf sdg sda
# NumNets:    9 NetNames: eth0:1000 eth1:?? eth2:?? eth3:?? eth4:10000 eth5:10000 eth6:10000 eth7:?? lo:??
# SCSI:       DA:0:00:00:00 DA:0:00:01:00 DA:0:00:02:00 DA:0:00:03:00 DA:0:00:04:00 DA:0:00:05:00 DA:0:00:06:00 ??:0:00:32:00
################################################################################
#Date Time [CPU]User% [CPU]Nice% [CPU]Sys% [CPU]Wait% [CPU]Irq% [CPU]Soft% [CPU]Steal% [CPU]Idle% [CPU]Totl% [CPU]Intrpt/sec [CPU]Ctx/sec [CPU]Proc/sec [CPU]ProcQue [CPU]ProcRun [CPU]L-Avg1 [CPU]L-Avg5 [CPU]L-Avg15 [CPU]RunTot [CPU]BlkTot
20180124 12:29:05 3 0 56 0 0 34 0 7 93 3543983 859564 2 689 28 23.04 22.90 20.02 32 0
20180124 12:29:06 3 0 56 0 0 34 0 7 93 3548140 869389 0 687 28 23.04 22.90 20.02 31 0
20180124 12:29:07 3 0 55 0 0 35 0 7 93 3543859 873993 0 687 31 23.04 22.90 20.02 34 0
20180124 12:29:08 3 0 55 0 0 35 0 7 93 3544825 878338 0 687 27 23.04 22.90 20.02 31 0
20180124 12:29:09 3 0 55 0 0 35 0 7 93 3548008 884149 0 687 29 23.04 22.90 20.02 29 0
20180124 12:29:10 3 0 56 0 0 34 0 7 93 3545334 880036 0 687 29 23.19 22.93 20.05 33 0
20180124 12:29:11 3 0 55 0 0 35 0 7 93 3541957 871243 0 687 28 23.19 22.93 20.05 32 0
20180124 12:29:12 3 0 56 0 0 35 0 7 93 3549910 873722 0 687 31 23.19 22.93 20.05 30 0
20180124 12:29:13 3 0 55 0 0 35 0 7 93 3544464 877556 0 687 29 23.19 22.93 20.05 31 0
20180124 12:29:14 3 0 55 0 0 36 0 7 93 3544375 875412 0 687 27 23.19 22.93 20.05 27 0
20180124 12:29:15 3 0 55 0 0 35 0 7 93 3547406 883139 0 687 30 23.58 23.02 20.09 30 0
20180124 12:29:16 3 0 55 0 0 36 0 7 93 3545990 872183 0 687 31 23.58 23.02 20.09 30 0
20180124 12:29:17 3 0 56 0 0 35 0 7 93 3543838 874653 0 687 30 23.58 23.02 20.09 33 0
20180124 12:29:18 3 0 55 0 0 35 0 7 93 3544597 884947 0 687 33 23.58 23.02 20.09 29 0
20180124 12:29:19 3 0 55 0 0 35 0 7 93 3538848 879607 0 687 29 23.58 23.02 20.09 28 0
20180124 12:29:20 3 0 55 0 0 35 0 7 93 3543819 888714 0 687 31 23.69 23.05 20.11 30 0
20180124 12:29:21 3 0 56 0 0 35 0 7 93 3544868 867799 0 687 31 23.69 23.05 20.11 30 0
20180124 12:29:22 3 0 56 0 0 34 0 7 93 3511527 811279 0 687 28 23.69 23.05 20.11 31 0
20180124 12:29:23 3 0 56 0 0 34 0 7 93 3548362 881156 0 687 29 23.69 23.05 20.11 31 0
20180124 12:29:24 3 0 56 0 0 34 0 7 93 3544690 881481 0 687 29 23.69 23.05 20.11 33 0
20180124 12:29:25 3 0 55 0 0 35 0 7 93 3544615 874153 0 687 27 23.72 23.07 20.14 31 0
20180124 12:29:26 3 0 56 0 0 35 0 7 93 3547338 880115 0 687 26 23.72 23.07 20.14 29 0
20180124 12:29:27 3 0 56 0 0 34 0 7 93 3542196 876460 0 687 24 23.72 23.07 20.14 30 0
20180124 12:29:28 3 0 55 0 0 35 0 7 93 3543240 875894 0 687 32 23.72 23.07 20.14 29 0
20180124 12:29:29 3 0 55 0 0 35 0 7 93 3545673 888789 0 687 23 23.72 23.07 20.14 30 0
20180124 12:29:30 3 0 55 0 0 36 0 7 93 3540653 892468 0 687 34 23.58 23.05 20.15 30 0
20180124 12:29:31 3 0 57 0 0 34 0 7 93 3537520 872550 0 687 27 23.58 23.05 20.15 34 0
20180124 12:29:32 3 0 56 0 0 35 0 7 93 3545669 879510 0 687 30 23.58 23.05 20.15 32 0
20180124 12:29:33 3 0 55 0 0 35 0 7 93 3542565 881071 0 687 29 23.58 23.05 20.15 30 0
20180124 12:29:34 3 0 56 0 0 34 0 7 93 3542447 881277 0 687 30 23.58 23.05 20.15 30 0
20180124 12:29:35 3 0 56 0 0 34 0 7 93 3546933 881732 0 687 25 23.85 23.11 20.18 28 0
20180124 12:29:36 3 0 55 0 0 35 0 7 93 3544349 875299 0 687 30 23.85 23.11 20.18 31 0
20180124 12:29:37 3 0 56 0 0 35 0 7 93 3545553 875972 0 687 32 23.85 23.11 20.18 29 0
20180124 12:29:38 3 0 56 0 0 34 0 7 93 3545382 886196 0 687 28 23.85 23.11 20.18 31 0
20180124 12:29:39 3 0 56 0 0 35 0 7 93 3557634 874257 0 687 26 23.85 23.11 20.18 31 0
20180124 12:29:40 3 0 55 0 0 35 0 7 93 3580621 868994 0 687 31 23.78 23.11 20.20 32 0
20180124 12:29:41 3 0 56 0 0 35 0 7 93 3583883 872668 0 687 28 23.78 23.11 20.20 30 0
20180124 12:29:42 3 0 56 0 0 34 0 7 93 3563862 872956 0 687 28 23.78 23.11 20.20 29 0
20180124 12:29:43 3 0 55 0 0 35 0 7 93 3545663 879275 0 687 33 23.78 23.11 20.20 33 0
20180124 12:29:44 3 0 55 0 0 35 0 7 93 3543920 878693 0 687 30 23.78 23.11 20.20 31 0
